93
4 0 2 4 9
4 1 42 51 3
4 5 16 26 43
4 6 8 32 37
4 7 57 63 94
4 10 22 39 40
4 11 68 77 85
4 12 118 13 14
4 15 36 53 83
4 17 29 126 18
4 19 25 66 74
4 20 24 45 169
4 21 58 87 23
4 27 31 46 70
4 28 30 33 34
4 35 38 41 44
4 47 130 48 49
4 50 52 84 131
4 54 55 56 75
4 59 62 78 82
4 60 67 71 122
4 61 79 101 127
4 64 76 102 222
4 65 95 96 116
4 69 86 143 72
4 73 106 135 142
4 80 89 103 107
4 81 92 110 112
4 88 91 99 133
4 90 104 124 146
3 93 97 98
3 100 105 114
3 108 115 119
3 109 125 134
3 111 129 145
3 113 117 140
3 120 139 224
3 121 137 157
3 123 132 162
3 128 149 153
3 136 144 151
3 138 152 164
3 141 173 206
3 147 148 168
3 150 154 209
3 155 166 156
3 158 161 171
3 159 160 167
3 163 178 179
3 165 223 170
3 172 174 183
3 175 191 202
3 176 177 184
3 180 185 187
3 181 192 211
3 182 194 215
3 186 199 216
3 188 198 204
3 189 241 253
3 190 193 195
2 196 197
2 200 201
2 203 205
2 207 214
2 208 217
2 210 225
2 212 228
2 213 229
2 218 226
2 219 220
2 221 227
2 230 232
2 231 235
2 233 237
2 234 238
2 236 245
2 239 240
2 242 243
2 244 246
2 247 248
2 249 250
2 251 254
2 252 255
2 256 257
2 258 259
2 260 262
2 261 284
2 263 264
2 265 267
2 266 269
2 268 270
2 271 274
2 272 275
