814
4 0 1 5 14
4 2 8 12 13
4 3 15 16 19
4 4 20 21 22
4 6 26 29 35
4 7 36 42 48
4 9 43 50 52
4 10 46 61 66
4 11 25 73 80
4 17 27 38 79
4 18 90 92 98
4 23 40 51 72
4 24 33 75 77
4 28 30 84 99
4 31 54 55 64
4 32 74 76 88
4 34 39 68 91
4 37 83 86 100
4 41 45 102 104
4 44 101 109 113
4 47 95 114 116
4 49 105 107 122
4 53 81 93 125
4 56 69 119 130
4 57 70 112 128
4 58 78 129 135
4 59 106 155 162
4 60 87 138 163
4 62 127 140 158
4 63 126 166 167
4 65 145 181 205
4 67 134 144 216
4 71 223 235 237
4 82 111 179 190
4 85 131 175 212
4 89 94 141 143
4 96 152 176 191
4 97 123 154 187
4 103 199 215 231
4 108 118 184 195
4 110 157 242 243
4 115 121 161 169
4 117 139 196 202
4 120 165 186 246
4 124 148 160 222
4 132 232 233 247
4 133 156 209 228
4 136 192 238 250
4 137 147 239 261
4 142 168 180 254
4 146 149 194 220
4 150 182 189 200
4 151 173 259 260
4 153 198 224 234
4 159 178 265 266
4 164 171 262 282
4 170 183 203 248
4 172 188 269 286
4 174 193 271 272
4 177 256 267 276
4 185 208 255 279
4 197 244 273 284
4 201 277 294 308
4 204 218 274 298
4 206 230 285 295
4 207 211 306 317
4 210 217 291 303
4 213 227 310 314
4 214 309 312 320
4 219 221 229 318
4 225 240 275 324
4 226 249 268 323
4 236 302 326 330
4 241 280 288 322
4 245 258 315 327
4 251 334 338 339
4 252 278 311 340
4 253 304 344 345
4 257 319 329 331
4 263 287 350 351
4 264 349 357 364
4 270 299 347 354
4 281 366 367 368
4 283 292 353 361
4 289 316 342 363
4 290 307 352 375
4 293 296 360 369
4 297 346 408 411
4 300 374 377 382
4 301 378 383 386
4 305 321 337 387
4 313 343 391 397
4 325 333 400 416
4 328 380 389 420
4 332 399 426 440
4 335 365 376 381
4 336 418 422 429
4 341 348 379 390
4 355 394 395 410
4 356 372 388 405
4 358 402 419 442
4 359 414 427 438
4 362 412 434 436
4 370 448 455 470
4 371 445 454 475
4 373 406 460 474
4 384 423 447 450
4 385 432 469 476
4 392 409 446 484
4 393 396 479 488
4 398 494 495 496
4 401 413 428 452
4 403 449 490 492
4 404 415 425 501
4 407 424 466 486
4 417 437 441 481
4 421 497 524 528
4 430 465 473 498
4 431 433 478 503
4 435 439 444 504
4 443 518 535 539
4 451 468 505 506
4 453 547 548 557
4 456 463 515 531
4 457 458 493 511
4 459 462 500 517
4 461 543 551 560
4 464 472 482 519
4 467 485 508 523
4 471 483 510 527
4 477 480 507 544
4 487 491 509 563
4 489 521 526 536
4 499 530 545 553
4 502 514 549 564
4 512 533 537 538
4 513 541 552 569
4 516 534 542 546
4 520 550 561 577
4 522 572 581 584
4 525 554 570 578
4 529 555 574 582
4 532 567 580 585
4 540 571 583 588
4 556 562 587 592
4 558 568 599 600
4 559 566 603 614
4 565 575 607 612
4 573 591 601 609
4 576 579 596 606
4 586 605 619 647
4 589 595 617 624
4 590 608 625 629
4 593 623 626 650
4 594 632 638 646
4 597 610 653 655
4 598 602 639 663
4 604 660 661 665
4 611 615 616 627
4 613 621 637 657
4 618 620 640 662
4 622 633 664 667
4 628 641 643 656
4 630 635 680 681
4 631 671 672 685
4 634 649 670 694
4 636 659 679 682
4 642 658 686 695
4 644 668 692 700
4 645 699 701 707
4 648 689 698 702
4 651 666 710 721
4 652 677 688 696
4 654 690 712 713
4 669 673 704 705
4 674 718 722 743
4 675 691 697 715
4 676 719 732 736
4 678 716 724 731
4 683 728 742 744
4 684 720 747 748
4 687 751 754 763
4 693 708 758 759
4 703 729 749 755
4 706 741 770 772
4 709 761 765 768
4 711 734 757 762
4 714 775 783 786
4 717 764 779 784
4 723 776 785 788
4 725 726 781 790
4 727 733 787 816
4 730 789 799 807
4 735 792 795 798
4 737 746 777 806
4 738 771 805 811
4 739 740 808 810
4 745 803 809 813
4 750 782 815 822
4 752 817 841 843
4 753 800 812 824
4 756 769 814 826
4 760 830 838 851
4 766 852 853 855
4 767 832 845 857
4 773 793 861 870
4 774 874 880 882
4 778 794 891 897
4 780 823 828 873
4 791 827 865 879
4 796 821 842 890
4 797 829 860 904
4 801 819 866 869
4 802 825 856 863
4 804 833 872 895
4 818 858 892 905
4 820 914 925 927
4 831 835 881 907
4 834 837 878 913
4 836 862 871 917
4 839 910 918 928
4 840 886 920 921
4 844 883 929 932
4 846 867 933 940
4 847 942 944 946
4 848 888 894 941
4 849 885 950 963
4 850 938 969 971
4 854 939 945 951
4 859 899 952 957
4 864 975 979 980
4 868 901 908 911
4 875 943 967 972
4 876 982 989 994
4 877 896 966 985
4 884 959 1003 1007
4 887 964 981 993
4 889 898 930 997
4 893 912 991 996
4 900 903 934 1006
4 902 935 961 965
4 906 909 958 1011
4 915 986 1005 1014
4 916 949 1019 1024
4 919 955 988 1016
4 922 937 953 974
4 923 977 1000 1017
4 924 1008 1022 1028
4 926 1025 1026 1029
4 931 987 1018 1020
4 936 1033 1042 1055
4 947 999 1002 1027
4 948 1041 1048 1051
4 954 1030 1039 1067
4 956 983 1045 1053
4 960 1034 1035 1054
4 962 1052 1060 1068
4 968 1044 1057 1064
4 970 984 1043 1063
4 973 1038 1069 1072
4 976 1059 1066 1089
4 978 990 1070 1074
4 992 1076 1091 1104
4 995 1065 1077 1098
4 998 1083 1112 1123
4 1001 1075 1078 1092
4 1004 1087 1088 1108
4 1009 1056 1107 1109
4 1010 1102 1103 1110
4 1012 1036 1119 1121
4 1013 1126 1139 1150
4 1015 1097 1111 1128
4 1021 1023 1093 1113
4 1031 1046 1062 1124
4 1032 1058 1125 1143
4 1037 1084 1131 1144
4 1040 1082 1169 1173
4 1047 1127 1148 1151
4 1049 1141 1155 1182
4 1050 1079 1156 1158
4 1061 1145 1163 1175
4 1071 1176 1185 1187
4 1073 1118 1137 1147
4 1080 1085 1162 1198
4 1081 1204 1215 1223
4 1086 1095 1122 1189
4 1090 1130 1153 1193
4 1094 1195 1217 1219
4 1096 1142 1168 1232
4 1099 1100 1170 1213
4 1101 1183 1229 1239
4 1105 1117 1225 1236
4 1106 1133 1134 1186
3 1114 1166 1218
3 1115 1180 1240
3 1116 1184 1206
3 1120 1129 1177
3 1132 1135 1138
3 1136 1171 1222
3 1140 1149 1211
3 1146 1172 1241
3 1152 1188 1207
3 1154 1159 1242
3 1157 1179 1209
3 1160 1227 1230
3 1161 1174 1221
3 1164 1235 1244
3 1165 1167 1216
3 1178 1191 1243
3 1181 1192 1197
3 1190 1200 1245
3 1194 1201 1246
3 1196 1199 1247
3 1202 1226 1251
3 1203 1255 1257
3 1205 1262 1263
3 1208 1238 1265
3 1210 1267 1274
3 1212 1228 1272
3 1214 1264 1280
3 1220 1256 1258
3 1224 1252 1254
3 1231 1268 1291
3 1233 1237 1281
3 1234 1249 1285
3 1248 1278 1297
3 1250 1275 1289
3 1253 1269 1293
3 1259 1276 1295
3 1260 1273 1279
3 1261 1294 1300
3 1266 1283 1284
3 1270 1277 1286
3 1271 1292 1301
3 1282 1298 1299
3 1287 1304 1309
3 1288 1305 1310
3 1290 1302 1303
3 1296 1312 1314
3 1306 1308 1319
3 1307 1311 1315
3 1313 1317 1318
3 1316 1320 1324
3 1321 1323 1325
3 1322 1329 1333
3 1326 1327 1328
3 1330 1334 1337
3 1331 1338 1342
3 1332 1343 1349
3 1335 1346 1348
3 1336 1345 1354
3 1339 1352 1356
3 1340 1347 1360
3 1341 1362 1363
3 1344 1355 1358
3 1350 1353 1365
3 1351 1367 1368
3 1357 1370 1373
3 1359 1366 1374
3 1361 1375 1376
3 1364 1377 1379
3 1369 1380 1384
3 1371 1387 1389
3 1372 1390 1392
3 1378 1382 1394
3 1381 1386 1397
3 1383 1398 1399
3 1385 1402 1405
3 1388 1408 1421
3 1391 1400 1404
3 1393 1395 1417
3 1396 1425 1428
3 1401 1409 1412
3 1403 1407 1410
3 1406 1414 1415
3 1411 1413 1420
3 1416 1419 1431
3 1418 1432 1435
3 1422 1434 1436
3 1423 1448 1451
3 1424 1426 1437
3 1427 1446 1447
3 1429 1442 1444
3 1430 1443 1449
3 1433 1438 1455
3 1439 1440 1453
3 1441 1445 1456
3 1450 1458 1459
3 1452 1454 1457
3 1460 1461 1462
3 1463 1464 1465
3 1466 1467 1468
3 1469 1470 1472
3 1471 1477 1486
3 1473 1474 1476
3 1475 1480 1482
3 1478 1481 1485
3 1479 1487 1490
3 1483 1493 1500
3 1484 1496 1497
3 1488 1506 1511
3 1489 1494 1499
3 1491 1503 1515
3 1492 1498 1537
3 1495 1502 1517
3 1501 1504 1520
3 1505 1518 1528
3 1507 1525 1526
3 1508 1513 1530
3 1509 1531 1539
3 1510 1545 1547
3 1512 1521 1540
3 1514 1544 1546
3 1516 1534 1542
3 1519 1541 1543
3 1522 1548 1557
3 1523 1555 1560
3 1524 1565 1566
3 1527 1550 1551
3 1529 1553 1573
3 1532 1538 1559
3 1533 1567 1572
3 1535 1554 1576
3 1536 1558 1577
3 1549 1578 1588
3 1552 1586 1590
3 1556 1579 1592
3 1561 1596 1600
3 1562 1582 1594
3 1563 1569 1574
3 1564 1580 1599
3 1568 1585 1602
3 1570 1603 1604
3 1571 1605 1617
3 1575 1583 1607
3 1581 1589 1608
3 1584 1595 1629
3 1587 1618 1630
3 1591 1610 1623
3 1593 1606 1635
3 1597 1601 1622
3 1598 1614 1631
3 1609 1626 1633
3 1611 1627 1632
3 1612 1625 1628
3 1613 1616 1640
3 1615 1619 1624
3 1620 1621 1637
3 1634 1638 1641
3 1636 1643 1645
3 1639 1644 1647
3 1642 1651 1655
3 1646 1653 1659
3 1648 1657 1662
3 1649 1652 1654
3 1650 1660 1663
3 1656 1664 1665
3 1658 1661 1666
3 1667 1670 1674
3 1668 1672 1675
3 1669 1676 1680
3 1671 1687 1692
3 1673 1686 1689
3 1677 1682 1691
3 1678 1683 1697
3 1679 1681 1702
3 1684 1685 1696
3 1688 1690 1693
3 1694 1700 1709
3 1695 1698 1699
3 1701 1704 1706
3 1703 1705 1710
3 1707 1715 1719
3 1708 1721 1722
3 1711 1730 1732
3 1712 1723 1736
3 1713 1727 1733
3 1714 1738 1739
3 1716 1741 1745
3 1717 1731 1748
3 1718 1725 1746
3 1720 1752 1757
3 1724 1759 1760
3 1726 1751 1758
3 1728 1735 1769
3 1729 1771 1772
3 1734 1773 1776
3 1737 1785 1790
3 1740 1753 1766
3 1742 1779 1780
3 1743 1744 1782
3 1747 1768 1784
3 1749 1754 1762
3 1750 1755 1777
3 1756 1797 1798
3 1761 1775 1781
3 1763 1792 1795
3 1764 1778 1786
3 1765 1770 1789
3 1767 1791 1803
3 1774 1783 1793
3 1787 1802 1808
3 1788 1794 1810
3 1796 1805 1811
3 1799 1813 1814
3 1800 1801 1816
3 1804 1807 1815
3 1806 1818 1823
3 1809 1819 1828
3 1812 1842 1844
3 1817 1824 1834
3 1820 1826 1829
3 1821 1852 1854
3 1822 1832 1846
3 1825 1838 1868
3 1827 1835 1848
3 1830 1850 1855
3 1831 1847 1860
3 1833 1858 1863
3 1836 1841 1857
3 1837 1872 1875
3 1839 1879 1881
3 1840 1859 1865
3 1843 1856 1871
3 1845 1864 1878
3 1849 1874 1885
3 1851 1862 1894
3 1853 1882 1890
3 1861 1869 1887
3 1866 1873 1893
3 1867 1880 1896
3 1870 1884 1891
3 1876 1900 1901
3 1877 1904 1905
3 1883 1903 1906
3 1886 1899 1907
3 1888 1897 1908
3 1889 1910 1914
3 1892 1902 1911
3 1895 1909 1921
3 1898 1913 1915
3 1912 1916 1919
3 1917 1922 1926
3 1918 1920 1924
3 1923 1925 1927
3 1928 1929 1931
3 1930 1938 1940
3 1932 1933 1935
3 1934 1945 1950
3 1936 1958 1960
3 1937 1942 1959
3 1939 1941 1957
3 1943 1954 1956
3 1944 1948 1970
3 1946 1966 1990
3 1947 1949 1951
3 1952 1962 1977
3 1953 1964 1967
3 1955 1974 1982
3 1961 1973 1981
3 1963 1968 1995
3 1965 1969 1978
2 1971 1972
2 1975 1984
2 1976 1991
2 1979 1980
2 1983 1985
2 1986 1987
2 1988 1997
2 1989 1992
2 1993 1999
2 1994 2003
2 1996 2014
2 1998 2001
2 2000 2002
2 2004 2005
2 2006 2011
2 2007 2015
2 2008 2010
2 2009 2017
2 2012 2018
2 2013 2016
2 2019 2021
2 2020 2026
2 2022 2027
2 2023 2031
2 2024 2032
2 2025 2034
2 2028 2029
2 2030 2035
2 2033 2037
2 2036 2040
2 2038 2041
2 2039 2042
2 2043 2044
2 2045 2048
2 2046 2051
2 2047 2049
2 2050 2052
2 2053 2054
2 2055 2056
2 2057 2059
2 2058 2060
2 2061 2063
2 2062 2066
2 2064 2067
2 2065 2069
2 2068 2071
2 2070 2073
2 2072 2077
2 2074 2076
2 2075 2078
2 2079 2081
2 2080 2084
2 2082 2086
2 2083 2089
2 2085 2088
2 2087 2090
2 2091 2093
2 2092 2095
2 2094 2099
2 2096 2109
2 2097 2098
2 2100 2102
2 2101 2103
2 2104 2106
2 2105 2107
2 2108 2110
2 2111 2113
2 2112 2114
2 2115 2118
2 2116 2119
2 2117 2128
2 2120 2130
2 2121 2122
2 2123 2131
2 2124 2133
2 2125 2132
2 2126 2135
2 2127 2138
2 2129 2139
2 2134 2140
2 2136 2137
2 2141 2145
2 2142 2143
2 2144 2146
2 2147 2148
2 2149 2150
2 2151 2152
2 2153 2155
2 2154 2156
2 2157 2158
2 2159 2161
2 2160 2177
2 2162 2178
2 2163 2169
2 2164 2167
2 2165 2171
2 2166 2172
2 2168 2170
2 2173 2174
2 2175 2176
2 2179 2180
2 2181 2182
2 2183 2184
2 2185 2186
2 2187 2188
2 2189 2191
2 2190 2195
2 2192 2194
2 2193 2197
2 2196 2204
2 2198 2201
2 2199 2202
2 2200 2205
2 2203 2209
2 2206 2207
2 2208 2211
2 2210 2214
2 2212 2217
2 2213 2223
2 2215 2219
2 2216 2220
2 2218 2224
2 2221 2229
2 2222 2233
2 2225 2226
2 2227 2230
2 2228 2236
2 2231 2234
2 2232 2237
2 2235 2241
2 2238 2239
2 2240 2242
2 2243 2247
2 2244 2245
2 2246 2248
2 2249 2250
2 2251 2253
2 2252 2255
2 2254 2258
2 2256 2257
2 2259 2261
2 2260 2262
2 2263 2264
2 2265 2266
2 2267 2269
2 2268 2270
2 2271 2272
2 2273 2274
2 2275 2276
2 2277 2279
2 2278 2283
2 2280 2286
2 2281 2284
2 2282 2287
2 2285 2289
2 2288 2290
2 2291 2292
2 2293 2297
2 2294 2302
2 2295 2298
2 2296 2299
2 2300 2306
2 2301 2304
2 2303 2309
2 2305 2311
2 2307 2312
2 2308 2315
2 2310 2314
2 2313 2321
2 2316 2317
2 2318 2319
2 2320 2322
2 2323 2325
2 2324 2326
2 2327 2328
2 2329 2333
2 2330 2332
2 2331 2336
2 2334 2338
2 2335 2337
2 2339 2341
2 2340 2348
2 2342 2347
2 2343 2344
2 2345 2346
2 2349 2350
2 2351 2352
2 2353 2354
2 2355 2356
2 2357 2360
2 2358 2362
2 2359 2361
2 2363 2365
2 2364 2369
2 2366 2367
2 2368 2370
2 2371 2372
2 2373 2374
2 2375 2382
2 2376 2377
2 2378 2386
2 2379 2381
2 2380 2383
2 2384 2387
2 2385 2388
2 2389 2392
2 2390 2391
2 2393 2394
2 2395 2413
2 2396 2397
2 2398 2403
2 2399 2404
2 2400 2408
2 2401 2409
2 2402 2410
2 2405 2406
2 2407 2411
2 2412 2415
2 2414 2416
2 2417 2419
2 2418 2421
2 2420 2422
2 2423 2424
2 2425 2426
2 2427 2429
2 2428 2430
2 2431 2433
2 2432 2434
2 2435 2436
2 2437 2438
2 2439 2440
2 2441 2443
2 2442 2444
2 2445 2446
2 2447 2448
2 2449 2450
2 2451 2452
2 2453 2455
2 2454 2457
2 2456 2460
2 2458 2459
2 2461 2465
2 2462 2464
2 2463 2466
2 2467 2470
2 2468 2469
2 2471 2473
2 2472 2476
2 2474 2477
2 2475 2478
2 2479 2481
2 2480 2482
