4050
4 32085 16160 43308 92586
4 82967 63372 97182 33090
4 24622 21028 18502 5974
4 70098 90292 2119 4931
4 33739 33862 48589 88766
4 41003 17492 61976 25148
4 61298 98215 36903 21799
4 75534 89646 28886 50959
4 1679 71572 36479 8579
4 32533 15178 881 29115
4 54956 59608 18680 28390
4 14779 89441 77110 29538
4 56433 40737 17237 45919
4 61157 85771 30919 48700
4 69258 45018 6270 37692
4 6272 13930 60018 90416
4 42033 73677 79245 90485
4 42969 32842 93125 44165
4 54094 79953 79699 96352
4 83924 15559 58219 16132
4 95902 22181 31759 29796
4 97319 16405 59751 93192
4 10644 57586 53227 78114
4 74687 11583 41918 52730
4 92513 41916 89715 1356
4 22821 68991 10439 92525
4 28440 28188 86325 46455
4 32771 97652 50175 84584
4 35983 79083 25496 45216
4 25708 80142 18985 49327
4 29760 3851 96708 74863
4 36756 13659 94692 63032
4 37948 90400 55673 4418
4 46106 2273 10983 62034
4 60310 39432 56869 54271
4 76341 27850 24810 43811
4 77794 76868 93293 560
4 90043 87250 28123 13941
4 98840 81848 7795 40589
4 7742 51037 10622 62106
4 8294 23826 7328 8877
4 11880 7983 23145 43823
4 13440 5597 12009 30367
4 13993 64602 39346 99783
4 16640 95514 44976 41815
4 26923 24019 49368 24157
4 27350 28912 9368 22548
4 48870 37977 1939 59285
4 55283 87455 65708 37753
4 83062 51591 39541 91128
4 83942 65838 26341 52036
4 2573 9462 7428 20373
4 12898 29202 67820 79472
4 23015 68389 21420 11436
4 35698 33942 17888 3819
4 36008 19110 73891 24552
4 40995 18965 76708 5108
4 50671 43006 63212 79641
4 58251 19555 4621 13426
4 63368 29584 44744 98070
4 63463 85870 76921 32207
4 65032 1541 60554 9296
4 65330 593 26444 94656
4 66165 68855 8517 44379
4 81280 34959 32826 20762
4 84043 86746 60103 10012
4 92942 20199 12426 94565
4 97666 39951 21036 59245
4 3979 81579 9963 47378
4 4502 89695 55875 27687
4 4520 10496 89768 8930
4 6393 13240 4933 72285
4 6463 94258 505 30883
4 10224 4677 50787 72721
4 15766 96441 43876 10766
4 17108 34335 2211 48606
4 26662 34897 94210 30564
4 34364 43917 4829 26140
4 39689 89112 5760 14096
4 48110 16114 31606 25945
4 48349 1260 54604 55615
4 53103 99664 48060 63393
4 53960 55999 38557 79571
4 59114 64831 56860 36273
4 61112 65090 44304 1971
4 63229 62412 6395 40722
4 63779 9386 76870 24954
4 66437 49485 37280 19904
4 67926 19640 41314 9395
4 75138 27121 82703 32245
4 79563 84255 5487 84072
4 83374 56064 23699 19947
4 7552 15347 8446 31697
4 12634 27694 6365 18942
4 13579 8043 42950 62203
4 14671 42025 79680 97526
4 18778 89220 16531 19079
4 21315 54843 25090 40015
4 21374 79988 257 16993
4 22305 21539 80154 85569
4 23974 90274 58401 5894
4 24356 98998 12775 82719
4 27683 60125 34722 58973
4 29928 34146 22017 83959
4 31752 49869 47104 72224
4 31888 61451 40594 55594
4 34905 33359 931 2065
4 38317 65549 74297 99027
4 38486 28344 55506 52217
4 45991 84684 1087 73939
4 47583 27540 33646 27234
4 48273 87434 17041 38098
4 50326 89060 21052 1167
4 50389 81714 55729 4272
4 50572 58496 54903 76448
4 53007 41970 9103 95385
4 60711 39683 79158 27184
4 64705 6711 82459 28005
4 67431 25565 9177 53607
4 71598 3010 73611 28092
4 83149 77816 39407 18612
4 90928 62945 77236 23338
4 91904 58880 92863 18938
4 92780 87083 49898 45963
4 95323 80497 25490 96520
4 3219 3058 6241 3766
4 3705 28468 13716 11570
4 3720 18095 65462 23950
4 4617 11482 8006 3646
4 5202 4131 33554 50219
4 6751 16904 72225 91757
4 21888 26197 24663 12623
4 28902 28592 68376 95688
4 29180 82444 88840 78677
4 35555 77025 51541 63522
4 44316 58369 75767 13102
4 44496 63767 30660 13649
4 53187 13822 94683 72879
4 56206 18882 71193 91413
4 58980 24819 9665 34738
4 68253 68803 44355 45834
4 69893 88520 77771 159
4 71672 33129 57652 88482
4 74712 12881 17608 3568
4 75282 1964 81856 65752
4 78938 19552 49657 43830
4 80502 78096 49404 31450
4 83486 28240 62216 32780
4 89062 95950 14936 13496
4 91657 68473 2336 24604
4 93335 32450 4142 96979
4 95209 13134 64653 28286
4 78 75071 35363 90818
4 9387 6726 6139 3698
4 14445 66718 40545 2193
4 16714 68660 30626 57729
4 18982 39182 22400 43555
4 23130 14680 50387 40896
4 24063 56873 97 5595
4 30470 73548 32619 51202
4 32043 37622 21765 3668
4 34273 83101 98502 19677
4 36163 73834 93536 81782
4 38095 46894 73804 47993
4 40898 94029 77330 22277
4 47774 3406 15646 16715
4 51332 49745 47595 23731
4 54681 32818 18371 47321
4 62033 67417 4067 20478
4 62599 25501 58131 44015
4 62748 16096 67466 4845
4 72914 34264 32589 70213
4 81842 3409 30735 54436
4 83576 51407 91511 77751
4 85576 32775 62829 34210
4 88708 44586 1894 42772
4 94015 77225 76103 22081
4 385 24517 5063 31832
4 620 98406 30741 17392
4 832 45590 43532 13255
4 1029 89045 71095 99577
4 1418 93640 27819 23484
4 1837 23444 74087 44518
4 2076 95275 48318 79225
4 6141 58271 12563 56222
4 12290 67515 84795 3781
4 12990 49834 98808 50882
4 23076 87505 11787 64125
4 27626 61670 98760 67880
4 28006 26640 13917 72330
4 28963 50282 49972 91184
4 36091 71385 24603 4340
4 37213 29223 17484 7703
4 41871 37860 10149 23490
4 42908 56353 18821 21737
4 44489 86075 84060 6781
4 47603 69105 15444 75012
4 47643 419 14152 16568
4 48399 6067 24529 50931
4 52009 1275 59200 13882
4 52386 35231 28485 456
4 56272 1923 20984 9812
4 56824 35235 48131 8061
4 58353 70053 20404 17962
4 59440 6915 50962 37637
4 63749 29151 39748 71967
4 64173 48724 24506 9227
4 64778 69719 9568 55336
4 65275 74295 4635 41203
4 69120 15098 87125 66630
4 70268 93307 24783 42321
4 72458 30936 20161 14512
4 72591 94673 96478 87331
4 74582 12927 17208 16050
4 77120 44163 51024 14433
4 77202 10800 3359 30461
4 83325 22875 28635 15916
4 83806 13931 910 58393
4 85432 1355 67543 99554
4 88025 99221 28103 5985
4 89786 79129 63851 16536
4 93007 34954 16040 28080
4 98941 16482 9365 5033
4 916 35092 66240 93034
4 1175 1337 34874 18752
4 2328 14538 466 58109
4 3091 27111 31200 39064
4 4857 28701 89723 37499
4 9932 32050 11887 26269
4 10304 75775 8317 13919
4 10972 61486 19412 40996
4 13726 73887 27249 78865
4 14500 92548 735 36543
4 15926 43878 9740 21878
4 16758 99634 6377 5739
4 17637 95229 97603 46849
4 22539 45534 38425 17684
4 23585 36723 75648 98609
4 23705 75338 18345 27827
4 24132 17818 25809 56714
4 24748 28717 13683 27115
4 25626 39249 14377 20789
4 25810 74796 1104 46913
4 29569 25836 6415 39904
4 31615 44559 3478 15552
4 33627 76142 71413 57953
4 35646 13840 51338 31456
4 36174 26804 73954 87565
4 36766 72573 73612 42201
4 38526 3206 15297 22534
4 39151 26083 27748 10328
4 39425 27699 67801 19210
4 45701 49101 38150 51042
4 46302 23935 45096 45651
4 47887 58265 25263 82662
4 48769 87780 99348 1956
4 49227 29075 24847 83549
4 50288 55795 72440 46148
4 51546 29470 9545 17077
4 52138 60005 91795 12339
4 53962 93837 5229 10079
4 54322 31084 61638 20881
4 54564 20917 45717 14356
4 55218 46451 45901 45927
4 57786 33340 53108 25202
4 57809 73665 23205 47752
4 59336 45810 254 34158
4 62257 50007 3888 67874
4 64395 27571 27270 8691
4 65094 86219 26379 7155
4 67002 96405 36252 44447
4 70045 9120 67897 39478
4 71427 14242 2651 42566
4 73367 56085 24452 8356
4 75153 9184 15612 7209
4 76291 14175 10009 5363
4 77397 59851 1940 56126
4 79043 48490 38963 11070
4 81993 28311 42492 98692
4 92038 21814 7828 30101
4 94717 88228 19628 57122
4 94725 14761 30975 25962
4 96623 27695 22085 22755
4 97484 28082 60127 17178
4 97508 13344 32334 4837
4 98205 4062 4979 84927
4 99602 14217 13228 26511
4 3619 52774 99381 99182
4 4245 11109 31749 52763
4 6168 5255 76852 40201
4 6849 90217 88407 53230
4 7859 6651 51485 81468
4 10927 86862 12308 76117
4 12724 24457 1481 21297
4 13504 30954 24222 68570
4 15667 85025 7276 14636
4 16266 39962 52914 26961
4 16503 24429 57838 22704
4 20294 21967 54767 28680
4 25884 9537 31054 59366
4 26537 28133 67360 43562
4 26584 20685 92873 58378
4 27536 62357 96495 55096
4 28545 84404 37151 5883
4 29743 6727 92059 75172
4 32338 91939 23454 15970
4 35598 92099 22753 83386
4 36781 39646 29628 12933
4 43438 62286 17938 1229
4 44034 68514 23682 78540
4 44865 41658 27213 57148
4 45707 81182 5509 11848
4 46124 95806 36379 89686
4 48441 98209 71911 58903
4 49276 36337 57257 61065
4 49527 80459 44629 14595
4 49817 80191 96007 17901
4 54303 6892 48292 56821
4 54926 84917 66676 38755
4 56058 50302 75907 34203
4 60913 77656 20434 69210
4 61952 3514 80539 41730
4 67147 97731 20993 61441
4 71147 37918 14764 42074
4 75878 97048 47396 17056
4 80567 18936 69620 20338
4 80984 76425 70445 74264
4 81546 14866 46181 20134
4 83497 19483 58215 42712
4 84718 3453 94608 2808
4 90720 70458 97394 12757
4 94306 13722 94746 29255
4 97425 27991 22195 19075
4 98270 86385 4717 82748
4 948 22695 16835 7092
4 2737 59715 20832 96727
4 3442 86998 17066 21881
4 6096 7291 50531 82119
4 8465 20244 39823 38572
4 9720 5505 79026 12256
4 17761 12159 27421 48875
4 20712 91987 8724 11475
4 25160 64627 9800 59060
4 26746 81480 35838 14612
4 28694 72728 29069 95892
4 29438 97592 8080 25803
4 29496 99192 2374 65977
4 30413 1430 76078 28530
4 30789 8581 16240 40026
4 30810 6487 47546 94602
4 31813 90937 8989 31394
4 33644 71334 40925 28973
4 34137 2701 27775 93617
4 38156 75687 25159 44381
4 38420 65118 93466 57790
4 38492 37173 54331 36889
4 38511 74696 155 19375
4 42186 42248 96689 77237
4 47380 7475 80124 64581
4 48817 56351 27372 28483
4 51096 67143 27697 49564
4 51441 2699 5007 13218
4 56438 22456 6919 1697
4 56866 3595 47072 4683
4 59151 20108 64318 24975
4 59573 89770 31325 6053
4 59679 77707 99066 41995
4 60233 24867 82284 71574
4 62908 55766 19056 33175
4 63057 16188 34873 56376
4 63127 51045 2853 83197
4 66430 69100 5903 62263
4 67371 82651 48846 37668
4 69516 11768 14561 96056
4 76488 9221 4728 476
4 79667 96548 58663 26769
4 79797 16269 19530 22007
4 81830 42345 80564 30032
4 81924 62367 81025 30802
4 82551 44158 53813 3665
4 86584 65007 6585 5297
4 90015 26831 12190 21172
4 93424 6233 68683 30967
4 94048 30040 1926 3374
4 95912 30806 90954 43481
4 98313 16365 13859 20971
4 99450 52154 80017 69426
4 1121 3223 27434 30880
4 4915 36328 17582 15531
4 6624 75403 57925 22306
4 8668 15464 16901 81748
4 15825 97680 5652 54818
4 15888 59723 43283 27230
4 17246 66596 94553 55653
4 22655 41143 97590 57259
4 23930 76071 63275 66847
4 29690 36736 7062 77652
4 29724 76353 17451 43431
4 30784 76609 95189 39735
4 31019 92818 8700 33724
4 32217 37115 99515 31639
4 36343 55570 3794 76236
4 37292 82933 52015 89848
4 38274 63114 68913 26837
4 39179 62374 71165 86686
4 39925 91136 56903 415
4 42862 77682 51264 45915
4 43287 96425 43521 21074
4 43629 78667 28906 16125
4 44365 70772 12736 68106
4 46582 52642 43546 68704
4 47818 89622 16743 34425
4 48221 55154 80908 33552
4 48505 53219 9590 46287
4 48568 52179 71408 47420
4 48681 94273 5051 94875
4 52498 348 62198 51815
4 53432 57540 32571 5718
4 54244 65663 11745 31628
4 58146 30284 37445 25552
4 60767 11046 15043 16067
4 62947 71665 92713 14004
4 66273 12237 28721 74232
4 66703 38046 26520 6018
4 68434 77504 49125 31205
4 73602 1371 58440 56344
4 74799 10424 92021 280
4 76060 84878 16538 4972
4 76205 2449 24407 74075
4 76955 95938 92892 24590
4 78186 34080 10796 27675
4 78757 1394 38695 45841
4 79576 10627 62114 91247
4 79828 44248 27159 902
4 80650 96671 34546 75215
4 80879 62373 55312 40821
4 81417 2522 36200 2014
4 83342 50598 84489 15226
4 85577 4504 14109 92589
4 85944 39944 3425 77177
4 87952 21905 86294 34900
4 88448 91664 84116 58845
4 89096 40436 11080 63048
4 90656 45708 92100 67486
4 95272 79616 2101 31077
4 96070 43757 7138 7579
4 96268 20619 64016 38960
4 96481 14811 23474 80740
4 956 24286 53972 98927
4 1936 29871 63603 66174
4 4104 28402 87937 98963
4 4792 8887 24836 23386
4 5648 10013 41289 68530
4 6568 8435 5261 82528
4 6720 25429 64620 8903
4 11180 41240 22535 59093
4 11270 59160 88219 29695
4 12464 32151 7478 38106
4 16337 45626 30723 24895
4 18575 30025 63947 57561
4 20054 46068 86107 87544
4 20393 54851 33302 4433
4 21237 27885 74062 36160
4 22618 66009 60248 85733
4 22915 23891 42515 92659
4 24319 50798 51488 5445
4 26991 32585 89088 32287
4 27621 82050 98823 84918
4 31722 68031 75932 17217
4 32931 49958 84351 86458
4 34351 73670 21360 8266
4 35657 48826 46258 12094
4 38669 36458 98144 17662
4 38959 44713 6841 63929
4 39978 72331 161 27862
4 41017 41273 48540 28738
4 41328 42094 15179 2036
4 41559 18131 27649 4184
4 43031 57683 5344 91493
4 43243 57489 63108 48633
4 43664 52061 10534 60305
4 45028 65801 43740 34690
4 47601 52463 26433 89149
4 48501 52656 74122 84882
4 48925 60951 20277 46786
4 48975 4202 1059 44010
4 49338 61967 56448 23662
4 49466 73757 76767 21482
4 50241 84522 15515 43142
4 50793 57068 28125 36183
4 51425 56357 66625 9434
4 51707 60644 63439 56179
4 55960 95420 77807 16142
4 57024 87276 17736 16990
4 57051 66477 11129 24377
4 57206 94976 40036 40260
4 57285 99536 1957 95205
4 58691 77037 6262 25456
4 59361 80910 4125 4162
4 61030 85739 65940 32167
4 62532 79754 7603 89896
4 63259 76847 3272 12096
4 64298 89242 3027 23157
4 65162 66660 7607 33722
4 65589 26546 86469 27271
4 65925 189 98597 93120
4 67221 72231 54508 7891
4 68005 11561 4043 57912
4 68474 3271 30794 73320
4 68548 73436 10124 54341
4 68961 97644 59636 43
4 70714 70763 26217 56195
4 71179 88956 72898 153
4 71268 77855 77698 38388
4 71340 89165 13094 8292
4 71622 13609 67545 99885
4 71930 5893 454 86877
4 72729 84681 33634 55754
4 73372 9648 11166 53056
4 73818 97085 62125 98419
4 74306 5744 12379 6970
4 76515 96310 17834 21773
4 77327 21651 60151 70553
4 79146 95547 18075 46312
4 80981 2509 80954 19619
4 82753 89510 99371 28429
4 83520 6738 29508 75952
4 84011 963 52762 39489
4 84281 1688 26077 29958
4 84313 87304 28907 64137
4 84600 32436 98432 46975
4 85650 2607 21472 38952
4 86805 44995 41076 47989
4 89377 92781 94096 31730
4 91149 24018 80810 75118
4 91646 8737 19883 74883
4 91910 26651 9712 65003
4 91926 92991 90624 2
4 94322 12268 58418 61278
4 99372 14974 41073 25260
4 786 10686 33727 9326
4 944 9078 43275 91650
4 1397 10657 5299 63581
4 1566 17626 38149 13072
4 2546 27864 45609 14962
4 3394 21031 66094 63005
4 3744 9826 17875 64466
4 4289 10030 15152 24141
4 4428 11990 45501 26438
4 6445 14212 50930 71361
4 8074 21332 76062 91701
4 8165 13284 78596 55651
4 9730 12165 13572 54451
4 11008 17796 74004 59377
4 11220 17836 84242 57658
4 13175 18045 68585 97226
4 15494 31110 78122 50297
4 15499 16143 34447 62242
4 16843 30184 36130 60745
4 17187 18250 57773 33492
4 18535 41557 90990 94334
4 18644 31010 18551 28298
4 18809 19081 20738 35740
4 19547 20529 46061 75884
4 21055 23195 46016 22141
4 21190 25516 45940 62996
4 21520 26405 7260 12263
4 22502 29171 27338 64750
4 23244 33816 44613 1137
4 23820 31007 92394 97119
4 24875 38891 82788 79714
4 25489 51386 12478 64569
4 26715 27312 91061 10180
4 26857 31028 94299 24280
4 27410 41480 5379 76149
4 28448 40911 11996 13176
4 29594 36211 6832 14859
4 29753 38195 15950 1813
4 30546 33157 23480 5609
4 31234 40633 54769 83414
4 31460 35494 90140 17082
4 31685 62572 1863 1431
4 32345 47099 49153 6244
4 32461 39262 53672 86382
4 32938 54569 23073 84700
4 33399 51655 49583 87022
4 33468 35019 46369 22973
4 35806 47246 30922 85121
4 36363 57070 2873 16051
4 38351 62975 13597 57794
4 40969 54517 58470 2120
4 41278 54307 37123 72412
4 41938 42594 14178 38082
4 44539 61038 21947 92018
4 44943 46361 39330 10897
4 45897 51337 45788 6683
4 46184 52450 79398 73565
4 46821 64213 88511 99875
4 47845 61265 19750 49744
4 48542 49183 2335 50035
4 49678 57531 76336 68825
4 50058 74559 44786 71462
4 51858 58123 13834 94660
4 51964 58808 14797 28042
4 52047 52766 45424 53390
4 52956 64664 709 62745
4 55647 58788 31855 40413
4 56208 58675 6196 81179
4 57392 57402 3986 19928
4 57946 66746 73724 48247
4 58332 62353 21125 58843
4 58495 65309 89405 96935
4 58634 80626 93314 28371
4 58937 71780 33053 30483
4 59762 60693 5239 17390
4 60702 66698 14444 84905
4 60878 73196 93241 83160
4 61493 66013 533 19044
4 61674 63502 23791 24139
4 62597 86468 9548 30543
4 64152 64914 63986 31521
4 64685 75893 76417 30488
4 65016 73200 68583 7308
4 65514 82918 7971 48891
4 65604 68915 75702 73489
4 65744 73778 38117 4813
4 67707 69576 16315 24692
4 68404 93530 17284 20416
4 69712 81043 17780 61483
4 69813 88574 69707 9405
4 69944 75588 29133 26636
4 70215 86320 14531 4279
4 70576 80000 8136 11107
4 71775 80500 11574 1471
4 75158 80143 18341 8077
4 75327 87026 3573 20312
4 75501 75763 46658 73817
4 76057 76737 63790 6511
4 76327 79063 43942 4467
4 78051 85905 41080 63827
4 79820 81904 49553 83422
4 81147 4446 74650 70952
4 81371 84624 83758 55324
4 81814 82583 70163 36032
4 83743 85160 93477 48573
4 83764 83968 89345 51991
4 84111 90057 86040 91282
4 84719 90176 90156 42307
4 86237 89721 13469 29402
4 86900 97198 50267 72947
4 87865 93547 46375 13380
4 88749 95174 68726 38187
4 88818 92814 77654 29686
4 89401 89703 64913 37089
4 89652 99247 48331 5388
4 90642 93697 95720 49025
4 91637 1129 86541 51955
4 92251 95894 21861 39248
4 92284 18 1959 9101
4 92325 4694 49732 21258
4 92709 96927 23306 1793
4 92716 4033 6219 28470
4 93516 93912 3256 13403
4 93615 4176 48197 23967
4 95243 95952 8439 3234
4 95990 5840 35916 22946
4 97306 16872 4042 4582
4 97765 5156 77890 72836
4 98217 7829 72359 26748
4 98234 6151 82069 33247
4 98525 7325 65441 19260
4 98862 8815 44341 13558
4 99145 99328 69300 23185
4 1134 8008 49292 54977
4 1241 2778 23610 19589
4 1292 9403 55563 378
4 2360 5730 48319 31138
4 3342 6823 80481 12302
4 3446 8233 14108 66981
4 6204 15304 32786 7335
4 6815 12474 96061 32782
4 8010 15111 28101 45168
4 8350 10826 32871 53053
4 8357 18041 86624 14552
4 8590 18878 73218 29153
4 8985 10353 72804 13945
4 9252 15856 55841 85753
4 9912 14862 20230 36925
4 11073 12466 57885 8244
4 11183 15751 54715 17546
4 11901 18544 26815 84886
4 11969 13666 9083 74169
4 12012 28043 56563 54405
4 13288 20808 6376 27861
4 14322 39162 32802 24651
4 17248 17611 79263 70981
4 17643 31519 18128 27441
4 17685 26907 3748 91049
4 17918 23713 34686 46240
4 18149 22419 49231 71220
4 20572 27447 1941 11854
4 20722 33901 68068 81235
4 22309 24597 30695 47014
4 23235 26653 46058 79047
4 23853 35411 37803 70779
4 24359 38629 26692 64838
4 24628 27930 38533 49578
4 25821 27601 99242 74691
4 25888 28444 5726 14719
4 25897 29731 74679 11407
4 26187 29070 57574 34684
4 27585 32369 70911 6701
4 28157 29879 76836 10159
4 29471 32788 88275 50153
4 29803 47659 37430 21068
4 30089 33799 61548 25238
4 31625 44320 45861 15686
4 32354 39527 42682 30941
4 32897 36819 92248 90365
4 33194 41106 57213 4908
4 33708 37979 5243 87949
4 33977 38954 6957 45420
4 36182 41895 34515 53016
4 36395 64115 98221 24083
4 36720 41823 55551 97973
4 37726 43448 1535 26408
4 37845 40449 86058 24770
4 38096 40440 56763 55260
4 38133 54084 71770 27487
4 38230 43259 64792 61749
4 39550 40054 76181 45907
4 39659 40609 98101 17504
4 39676 52143 11629 71020
4 40447 46922 99008 37724
4 40720 47474 83088 61619
4 40993 44598 32739 62444
4 41330 48023 36293 17111
4 42122 50877 80828 88167
4 42956 44880 76549 20552
4 43608 44402 32131 6756
4 44147 54642 94442 91088
4 44214 47978 94917 71919
4 44789 66087 13013 3242
4 45105 47681 62591 94014
4 46005 54837 19043 87852
4 46581 65171 38201 13988
4 47068 49900 3520 24897
4 47390 50234 81591 2530
4 47528 52523 89411 17846
4 49636 65971 75801 28260
4 49741 54157 63412 66528
4 50947 61392 84246 115
4 51263 64683 77638 83676
4 51495 61643 23467 82329
4 51899 70784 31991 6677
4 52321 57492 86910 38897
4 54967 57282 15189 10340
4 55146 61276 63989 34667
4 55323 61888 56202 5888
4 56480 60123 81914 81703
4 57381 76132 44648 17311
4 57412 60950 59335 31863
4 57450 70469 65874 3768
4 58666 69359 78570 25141
4 61669 69390 75126 12083
4 63615 69068 64754 17060
4 63723 85455 29733 83939
4 64522 75132 92252 5355
4 64968 74372 91346 11431
4 66182 73117 9923 83840
4 66546 72356 642 36975
4 67247 77068 57421 65398
4 67344 71912 32134 14631
4 68193 75657 15257 70801
4 68249 74000 30717 33264
4 71609 76039 42977 11860
4 72953 82630 58719 6247
4 73073 80197 40889 98329
4 73238 75872 57321 8305
4 73621 79782 23124 44986
4 74116 79821 21089 1830
4 74885 81936 26972 52107
4 75525 77942 20497 55028
4 76076 77988 18049 70818
4 76162 82472 24842 43092
4 76280 82786 36978 47387
4 78963 81984 95520 22799
4 79144 82048 87605 78652
4 79218 80643 1409 60570
4 81156 82548 94820 54647
4 82542 86114 122 36433
4 82866 84714 19550 45971
4 83254 90366 61596 52201
4 84853 85467 94402 10649
4 85110 85360 78892 13587
4 85484 90864 1128 92333
4 85527 86161 80494 15183
4 85854 86153 61692 16890
4 85909 91357 29209 59010
4 86299 87269 12534 70967
4 87814 92393 62612 68013
4 87997 90766 80062 89158
4 88565 90426 58749 36332
4 88640 92533 8896 25843
4 88709 94057 44291 80312
4 88776 91871 30508 63359
4 89964 91158 62460 71257
4 90859 93938 54378 79176
4 91305 92838 58022 85131
4 91340 94323 26055 22250
4 91975 95804 333 5233
4 92406 97432 97689 3262
4 92489 3618 13943 41196
4 93216 1025 33021 69280
4 93305 8862 86870 38671
4 94743 95308 57060 17609
4 95703 99417 35999 76102
4 95787 2406 15659 51818
4 97456 5792 48085 39445
4 97803 2474 32753 13517
4 98117 98710 88813 55814
4 98118 12018 60907 22071
4 99072 15172 35506 45729
4 99599 9237 38396 10322
4 1204 7296 6120 90219
4 1817 9750 17435 13552
4 2523 4746 32734 19517
4 4221 9862 83276 10207
4 4991 9074 30501 50355
4 6102 12239 58951 14707
4 6521 13207 87387 54293
4 7465 14510 41740 58213
4 7900 9129 35433 81368
4 8704 15752 62316 73881
4 9868 13546 56556 90198
4 10256 10516 77839 16626
4 10320 10636 12976 99620
4 10458 13654 32601 4976
4 11590 22097 26951 26499
4 12801 23079 61708 18879
4 12858 19535 54933 46794
4 14875 27003 40120 7752
4 14906 16967 54847 25433
4 14947 40578 45920 37789
4 16191 26960 45393 4538
4 17162 20678 57266 46602
4 18087 18312 43881 7721
4 18347 37202 86052 65631
4 19691 28238 39877 37855
4 23279 24860 72081 1131
4 23747 27630 94635 21185
4 24626 39724 42131 56119
4 24987 28360 76596 40565
4 27114 27815 82805 57057
4 28339 29557 50835 33544
4 30732 32770 61848 73343
4 31791 35716 94173 42306
4 32291 36405 57689 46376
4 32731 39439 36749 65745
4 33204 36435 40772 63525
4 33881 37607 45336 25280
4 34994 48094 86529 51101
4 35379 39089 43960 8068
4 37575 41844 71409 61803
4 38530 40813 95874 37748
4 38610 40492 9027 36648
4 39985 44462 47982 6165
4 40113 44189 2621 86901
4 41028 41634 66891 4098
4 41582 48789 86405 55010
4 42013 52419 54143 80448
4 43898 50253 51041 49716
4 43907 59207 64065 59137
4 45408 59149 97978 6137
4 46592 48212 64186 66833
4 46902 50135 4511 5879
4 46909 51771 74861 75491
4 48444 56861 1521 52139
4 50680 58920 13124 62156
4 52394 55437 67723 19010
4 52475 60520 344 40615
4 52540 56463 25529 33581
4 53267 60929 31151 62787
4 53318 57871 18068 82436
4 57008 58436 44058 87258
4 57036 67598 25678 24779
4 59920 66011 64608 14280
4 60089 63748 70167 782
4 60381 68423 83241 99663
4 60613 60761 1497 31718
4 60979 61088 78448 63180
4 63134 71531 73277 27493
4 64455 65877 49831 27586
4 65334 66628 71071 18869
4 65561 69031 1382 43606
4 65754 66544 7554 76917
4 66312 66394 87001 9544
4 66965 69408 62905 28088
4 67103 67581 2732 78198
4 69373 70829 5606 12721
4 70290 73703 45299 65660
4 71086 78039 6131 97352
4 71986 74257 11275 45187
4 72056 72105 4295 28816
4 73165 73178 79489 68457
4 73516 82879 87587 34760
4 73559 84674 17529 96358
4 73786 77390 8375 93033
4 73855 76707 24406 63350
4 74529 77518 84079 45911
4 75798 79101 11598 960
4 77299 77917 36044 64348
4 77790 78070 28019 90836
4 78514 79312 89927 33192
4 78657 81574 32880 25906
4 78809 80278 22113 64594
4 78913 84903 88474 4751
4 80065 81551 20283 740
4 80346 87033 47265 82735
4 81619 89170 25205 20217
4 82138 86184 33251 25437
4 82252 86802 93494 7122
4 82355 97264 6622 44507
4 82696 84401 31249 72901
4 84062 85245 878 76504
4 84667 88363 1257 43291
4 85861 86552 6716 58214
4 86142 93185 24231 4110
4 87212 95225 39312 74367
4 87334 99637 44550 12293
4 87409 91299 98622 7461
4 87495 90625 5967 1729
4 87598 94954 4004 39802
4 90309 94787 17708 1327
4 91205 93551 20509 96111
4 91373 91831 12138 49054
4 93167 2520 5563 91095
4 93636 97997 44488 63053
4 94857 97280 13036 42357
4 94940 7890 29721 55407
4 95495 1234 76617 73119
4 95670 99658 26185 59794
4 96203 96664 671 14609
4 97324 3602 31921 77230
4 97494 528 2810 6001
4 97594 225 6346 88031
4 98478 2175 5184 55234
4 876 3954 50824 96559
4 1932 6549 45954 60798
4 3909 6198 23002 74764
4 3918 13259 49043 92438
4 4087 8237 28860 25957
4 4368 10305 19457 96091
4 5119 12010 27162 49771
4 5276 8699 26371 17498
4 5549 16718 43915 5806
4 6508 8179 14938 19321
4 6967 12305 30617 86855
4 7204 10478 19273 43927
4 8542 13330 42204 88154
4 8674 18151 29809 26346
4 8915 15059 46753 9715
4 9491 10174 38921 52341
4 10518 11875 15931 14156
4 10558 20959 60075 38528
4 10588 12988 20367 28452
4 10834 14557 23372 3081
4 11713 15460 17069 78917
4 12645 22279 33809 71532
4 14064 17146 36048 7150
4 15378 22543 34768 9937
4 15496 16975 28182 50736
4 18562 23147 24800 9284
4 18793 20069 20301 40924
4 18920 23241 31103 5088
4 18947 26892 56850 939
4 20911 23788 47061 54665
4 21018 26536 46469 24855
4 21766 29451 32469 45284
4 22089 29578 52510 14627
4 22605 31710 35557 55219
4 23919 31696 64371 35000
4 24339 27142 29408 85264
4 25648 27191 43783 69256
4 26540 32939 42375 3767
4 26566 33630 39284 655
4 27387 29591 36385 87821
4 28389 30067 36257 34777
4 29114 31409 76202 98192
4 29755 30495 46031 49576
4 30630 39801 82869 90018
4 31108 31400 97871 17763
4 31546 34336 72050 47660
4 31574 35892 48004 37184
4 33329 35425 86841 32661
4 33967 34170 65667 19861
4 33993 34120 58158 12255
4 34196 38093 51151 87540
4 34831 34991 42091 57277
4 34908 37730 59940 56881
4 35153 35627 41128 30642
4 36632 37902 42568 23744
4 36700 43818 51721 17494
4 37555 40321 57428 44362
4 37718 39716 46610 12353
4 38037 40917 56671 57477
4 38103 40246 59531 95546
4 39146 41511 46194 8135
4 39920 42350 56444 3548
4 39967 41191 67458 13341
4 40574 43919 59922 85090
4 40801 42789 54867 35066
4 41705 42839 48150 40960
4 43585 50780 71847 18477
4 46009 48223 60635 80901
4 46102 47871 58287 25194
4 47685 54942 67305 79601
4 48495 55557 58147 39847
4 48532 50445 69153 33687
4 48690 49814 50006 15093
4 48847 52213 63931 17719
4 49629 51145 63918 82488
4 49782 53266 71337 83045
4 51071 51911 58386 72499
4 51547 51571 60134 91206
4 51838 52668 66084 21851
4 52198 54961 62729 18027
4 52300 53420 58722 74982
4 52649 54919 71999 92679
4 54346 56454 59972 94892
4 55316 55520 57455 24058
4 55346 55847 223 42081
4 55828 57241 61889 87148
4 56134 58397 78161 80442
4 56706 58981 62644 19277
4 56836 58557 60751 30988
4 56947 59774 67649 19895
4 56981 58846 61504 14192
4 57791 60729 64787 69777
4 58033 58742 20724 47472
4 59507 60918 68300 61151
4 60193 63590 82360 90136
4 60388 61119 78602 2266
4 61054 62284 84601 17513
4 61629 64725 88927 61531
4 61671 63007 2927 11006
4 61871 64533 83895 97174
4 62498 66136 73871 36347
4 62712 64841 77161 96931
4 62783 64817 70833 25015
4 62950 71370 76754 76249
4 63772 64885 73993 59444
4 64850 66290 67381 61762
4 64864 67376 68269 21384
4 65670 66340 92240 26103
4 65835 73156 78047 13170
4 66512 73202 97279 10589
4 67309 68180 82476 92862
4 67608 71826 72045 87931
4 67741 71794 73363 74259
4 67994 72574 82323 16622
4 68197 73100 78880 83021
4 69802 73226 88570 20110
4 70486 73266 75392 43322
4 71627 72328 79342 11872
4 72849 73931 78628 18843
4 73352 78887 15158 50222
4 73448 75220 86854 15871
4 73689 85449 108 79507
4 74784 80161 86897 96375
4 75895 75911 86642 13249
4 76136 79815 90735 15114
4 76231 78271 87038 73244
4 76392 79423 85575 5448
4 76845 77739 86682 28633
4 77419 88045 94359 5090
4 77634 80870 3437 33995
4 78258 88756 5359 32272
4 79166 85198 13821 77406
4 80267 81637 87977 14301
4 81205 83644 95166 6134
4 81410 82401 87819 70573
4 81561 82619 3379 94464
4 81635 91782 7923 26431
4 82487 88514 5507 31254
4 83170 86122 94571 28056
4 83756 85872 20316 86079
4 84078 93923 31623 33299
4 85021 91882 6431 20037
4 86787 86982 107 864
4 86867 92339 8545 44186
4 89138 94615 98507 74612
4 89458 93597 94424 5087
4 90002 90126 3387 18043
4 90042 93521 5401 75032
4 90384 92994 4230 71795
4 90551 93127 99071 64199
4 92426 96086 1869 19187
4 92939 97812 51573 65273
4 92960 96341 15339 72190
4 94664 95719 28325 16682
4 95302 1306 6163 32460
4 96211 98285 98806 19937
4 96278 97886 3825 1238
4 96353 97867 98854 6326
4 96408 98780 9473 10630
4 97096 98331 2456 44227
4 97990 99840 6717 24307
4 98300 99693 25850 60923
4 98481 99721 6394 51430
4 98835 99081 16863 31125
4 99159 1970 3972 79250
4 99662 2136 18587 87791
4 99846 283 9025 51466
4 890 2312 2817 3891
4 1867 1946 3907 72087
4 2403 6447 21880 37255
4 2543 5842 9922 95737
4 2756 7832 17347 48480
4 2783 2904 14395 41165
4 4273 10607 14113 35384
4 4739 9752 10577 31
4 4928 6923 13253 97024
4 5634 5738 19647 26964
4 6639 9844 22882 26898
4 6955 9454 11099 11696
4 9719 12629 14275 65042
4 10063 11596 23764 25787
4 10557 10610 14706 61148
4 11045 11518 33663 96517
4 11684 12323 18525 49622
4 12221 14065 21805 25453
4 13105 13694 29792 41990
4 13184 13533 15247 25937
4 13637 16992 27653 40262
4 14826 14946 15411 26646
4 15112 16578 17409 58591
4 15302 17403 24608 34825
4 15591 17244 25577 44891
4 15620 17972 26320 58188
4 16312 18096 19935 24163
4 16751 17272 37408 52835
4 16754 18217 18713 24587
4 17744 20258 23670 49686
4 19172 19394 19573 12279
4 19459 22516 22519 2942
4 19681 21369 29303 51141
4 19989 22729 27406 92283
4 20474 22290 25543 96303
4 21202 21274 40027 88995
4 22734 24242 27927 36386
4 23114 23677 28365 81776
4 23116 23947 26469 60941
4 23740 24334 42487 52362
4 24483 26647 31750 51817
4 24509 25521 26030 36784
4 24702 28475 38032 40546
4 25389 30671 41507 16368
4 25745 26222 35132 40355
4 26134 27035 31869 32744
4 26280 26663 31134 96737
4 27188 28870 31069 82033
4 27755 29305 35345 70303
4 27926 28396 50875 55168
4 28655 29104 35342 89811
4 29592 31323 60277 13052
4 29951 30263 30598 31542
4 30951 31445 52901 74715
4 31213 31885 36473 44110
4 31244 32794 45700 52723
4 31451 33305 44278 58713
4 31801 33174 50817 64296
4 33047 34275 39560 60163
4 33103 35783 41363 45899
4 33353 35853 39903 5473
4 33635 34927 40950 63264
4 34043 35828 42014 45658
4 34393 36313 41164 73893
4 35726 36966 41600 43671
4 35834 37463 57542 64153
4 36469 37327 41540 58464
4 36748 38034 43806 49410
4 37004 41291 41490 16158
4 37844 40985 42502 62781
4 40255 40308 41493 72498
4 40467 40753 44382 69858
4 40569 40880 46447 84337
4 40787 40873 43400 95241
4 41226 41429 45916 57131
4 41519 41656 43406 26699
4 41598 44397 50112 84245
4 41954 42261 42964 73748
4 42571 42587 50841 70242
4 42618 43379 48534 80885
4 43096 43601 49279 51716
4 43612 44296 65046 40154
4 44096 44396 52377 69911
4 44208 44677 61983 67051
4 44223 45243 57400 40085
4 44303 45679 53116 79863
4 45425 45522 49277 23177
4 46327 47024 47158 88705
4 46533 46701 48762 831
4 46555 47529 66795 52256
4 46944 46965 48068 94252
4 47105 47712 57121 27573
4 47868 52290 53393 54467
4 48057 50602 55538 46073
4 48080 49164 52360 35672
4 48383 54115 60547 99826
4 49257 50294 63554 78767
4 50575 50899 79872 21222
4 50599 52135 63204 78822
4 51372 52775 58554 48306
4 51434 52332 60108 72136
4 51683 55303 60849 79410
4 52900 53457 54963 69026
4 53021 53674 63427 71689
4 53810 54026 59737 79395
4 54361 56482 58355 17783
4 54742 56909 60837 76805
4 55803 57336 58000 2561
4 55813 58914 63205 92843
4 56164 56782 63063 1333
4 56471 57098 69084 23288
4 57293 58057 61158 15067
4 57664 60052 75724 20195
4 58476 60426 65339 38684
4 58661 60629 68652 13391
4 58913 60972 72786 5129
4 58924 59592 63950 29847
4 59025 61095 64582 2357
4 59195 65284 73440 89488
4 60155 61110 63671 75842
4 60201 61125 61686 64925
4 60962 62338 68627 7170
4 61264 65191 71766 1666
4 61874 63203 72959 21636
4 62635 64926 76212 93059
4 63268 67269 75694 15435
4 63293 65152 81686 84270
4 64013 67559 68883 98034
4 65186 66248 69967 95081
4 66471 71552 90177 94477
4 67298 67807 71390 6356
4 67965 69005 76611 45632
4 68101 68464 16036 24402
4 68821 69730 71298 53264
4 69646 70519 70962 16410
4 69691 71354 74185 88052
4 69759 71258 76085 13869
4 70141 71215 73934 96775
4 70177 71872 77499 67653
4 70492 71881 76514 2455
4 71620 72028 77628 86097
4 72209 73444 80319 17218
4 72228 72838 76867 1086
4 72345 73682 73695 75890
4 72872 73101 77542 83114
4 73585 75901 80305 2416
4 73685 73923 75652 85751
4 73988 74460 82760 22106
4 74072 76505 76681 79071
4 74554 75835 82794 15016
4 75321 75931 87700 11175
4 75840 77998 97458 8909
4 76531 78111 79378 26442
4 76930 77471 78328 91891
4 77061 79286 84585 95354
4 77547 77660 92861 47917
4 77929 78589 80233 46006
4 78116 78604 83656 3411
4 79302 80073 84861 15979
4 79326 82567 3782 6929
4 79457 82708 89831 22956
4 79932 80874 85113 86139
4 79965 81392 89416 63201
4 80893 81183 83360 25621
4 81213 84025 85501 47819
4 81541 83899 86853 23377
4 82327 82635 86703 95290
4 83310 83551 88392 29321
4 83724 84376 98930 397
4 83908 85745 93015 93898
4 84113 85881 3331 12652
4 84867 85331 96951 55800
4 85371 85482 88562 8382
4 85804 85806 86148 27214
4 85921 86522 3303 5240
4 86183 87728 90574 28559
4 86428 89219 91839 12246
4 86711 88519 1322 4941
4 86859 87078 88870 41897
4 86969 90575 273 24699
4 87845 88619 94895 23674
4 88631 89740 99264 27082
4 89099 90168 97112 58021
4 89147 90197 94296 44644
4 90294 90372 99696 12250
4 90317 90826 92914 10761
4 90430 91667 272 33929
4 90476 94290 2515 68247
4 90887 91634 96923 6914
4 90985 91894 4039 80165
4 91793 92795 93315 48745
4 91815 92759 2391 32021
4 92383 93714 4763 15268
4 94474 94822 13418 71062
4 94618 98449 99095 14473
4 94723 95076 16789 33561
4 95340 97776 99527 14829
4 96333 99649 6345 14658
4 96613 1057 15392 81672
4 97201 99400 7556 12220
4 97999 506 5311 8040
4 99088 2885 3075 52359
4 99125 99687 11154 80520
4 99995 1007 3738 23087
4 381 2186 7258 21405
4 1232 4616 7547 22552
4 2189 3822 12663 16654
4 3557 4472 14388 19581
4 4304 5460 8898 20860
4 4553 6628 8372 24391
4 4801 7528 11247 12490
4 5621 7125 19489 37400
4 5971 7551 14237 17538
4 6843 6902 8835 41739
4 7230 10100 11002 35468
4 7725 10567 11350 40809
4 7915 10652 12756 27909
4 8515 9576 17020 45546
4 9579 9931 10065 33817
4 9631 12427 21869 46238
4 10498 12142 12560 56992
4 11565 14008 15767 70157
4 12905 12956 20297 56522
4 13173 14080 19019 28393
4 13571 13768 14670 78010
4 14307 15709 17832 36753
4 14529 14769 16232 30824
4 14773 16902 18845 22906
4 14833 15395 24640 25155
4 15528 17437 17562 28895
4 15540 17933 18282 27092
4 15543 16915 18650 25511
4 16220 17033 21506 25136
4 16956 17507 20446 28399
4 17227 20542 22503 53639
4 17548 17689 25359 42419
4 18670 18715 25585 28395
4 18760 20286 25380 25650
4 19058 21083 23836 32503
4 19161 19543 26041 55958
4 19630 19718 20295 27716
4 19824 22399 26792 40494
4 21586 22147 24636 38686
4 22408 22987 23850 32737
4 22510 26263 29010 33344
4 22591 23621 25721 69438
4 22891 23465 28126 38288
4 23851 26753 35482 44735
4 23903 25235 33030 39857
4 24121 24324 25109 30980
4 24711 27056 33333 34937
4 25074 27033 33843 51125
4 25609 26793 29530 71887
4 26843 27266 29020 66120
4 27074 29745 31140 37352
4 27357 27484 35385 54227
4 28234 30154 36573 58180
3 28364 28453 32962
3 29038 29819 32837
3 29658 29723 34731
3 29948 34183 34262
3 30321 32957 33070
3 32061 33578 36449
3 32663 34115 36287
3 32811 33151 36981
3 33387 34663 36610
3 34926 35845 36499
3 35320 36225 37281
3 35760 36566 37022
3 36489 36590 40002
3 36692 36879 44161
3 37080 37474 37566
3 37094 37558 40235
3 37118 37192 45965
3 37273 37527 37854
3 37319 37481 43911
3 38172 38281 40233
3 38377 38390 38760
3 38758 38821 39898
3 38761 39405 41914
3 38967 39703 40035
3 39116 39497 41711
3 39373 39626 43068
3 39517 40073 48688
3 39850 40357 44870
3 40076 40370 41952
3 40460 40865 44326
3 40792 41798 45164
3 41456 45821 46255
3 41931 42698 43494
3 42395 42731 44030
3 42858 43414 45670
3 43074 44246 44906
3 43628 43653 43867
3 43996 44522 47231
3 44033 44467 45067
3 44625 45851 45964
3 44653 45960 51635
3 44791 45226 47085
3 45181 45288 49762
3 45366 46538 47341
3 45687 45776 51725
3 45688 46099 47081
3 46520 46943 47901
3 46575 46906 49507
3 46677 48359 51975
3 47351 48850 49296
3 47400 49240 49613
3 47536 49009 51493
3 49044 50469 52358
3 49067 49860 53801
3 49506 50989 57831
3 50568 51003 51827
3 50579 51048 54358
3 50607 51107 52383
3 50620 52462 52871
3 50852 52241 56189
3 51742 52092 53728
3 51758 53900 54129
3 51798 52438 52993
3 52406 52485 54393
3 52832 54607 56262
3 53154 54000 54074
3 53385 54996 57845
3 53664 54565 59368
3 54452 55345 55995
3 54711 55474 55680
3 55199 55342 56243
3 55502 56795 60628
3 55662 55836 57481
3 55764 56760 59497
3 55890 57515 58316
3 56674 58693 66306
3 57020 57418 60180
3 57593 59202 59788
3 57669 59244 60097
3 57763 58071 64851
3 57837 59500 60245
3 58647 58865 60158
3 58750 60157 61564
3 58943 60268 62217
3 59323 60058 63145
3 59672 61050 61127
3 59731 61170 65106
3 60160 61150 62941
3 60504 61002 62794
3 60581 62454 63593
3 61501 61518 62485
3 61897 62879 70288
3 62190 63788 64733
3 62331 63097 65450
3 62885 63766 63880
3 63017 63297 64259
3 63101 63158 67013
3 63318 64068 66582
3 63579 64948 65313
3 64155 64387 65643
3 64795 65208 67389
3 64937 65523 65698
3 65018 65489 65685
3 65409 65577 68472
3 65503 65554 70310
3 65910 66770 68976
3 66053 66225 76318
3 66344 66812 67244
3 66398 66928 68215
3 66653 67770 68011
3 66830 67932 69776
3 66940 67335 67902
3 67810 67829 71858
3 67959 67995 68186
3 68046 68208 72048
3 68161 68657 68723
3 68405 68551 71506
3 68526 68839 72110
3 68974 69029 74294
3 69091 69184 71837
3 69216 69248 71163
3 69494 69594 70433
3 69555 69986 71347
3 69919 69959 69976
3 70036 70065 72990
3 70430 71737 72751
3 70495 70924 71054
3 71288 72274 77860
3 71637 72284 76127
3 71901 73321 74055
3 72127 73239 78972
3 72283 72524 74950
3 72307 72864 73930
3 72398 74810 75115
3 72422 72542 77692
3 72920 73118 75081
3 72923 73552 74139
3 73449 73546 73854
3 73590 74198 78915
3 73829 74661 75398
3 74433 75008 79466
3 74971 75880 80280
3 75289 76366 77770
3 75458 75870 80097
3 76075 76902 77545
3 76254 76816 76924
3 76491 76771 79500
3 76700 76995 78573
3 77020 77332 79746
3 77207 77328 77520
3 77215 77867 80762
3 77356 77533 79051
3 77740 77749 80201
3 77970 78412 82901
3 78016 79255 84108
3 78421 79451 81907
3 78425 78896 81387
3 78607 80380 82553
3 78669 79554 88438
3 79276 79795 80077
3 79301 80360 83890
3 79709 82946 85951
3 80554 83013 86321
3 80653 81719 82709
3 81282 82873 83244
3 81399 82340 83966
3 82722 83068 83235
3 82855 83692 85664
3 82895 84149 85341
3 83442 83683 84329
3 83849 83950 84294
3 83851 85544 88897
3 84226 84706 87910
3 84342 84741 88012
3 84416 85012 88646
3 85399 85414 86220
3 85454 85897 89093
3 85778 86016 89334
3 85779 85926 88695
3 85798 86923 88249
3 85954 85962 87039
3 86323 87131 90108
3 86511 88004 90726
3 86895 87086 89089
3 86902 87059 87482
3 88068 88379 89612
3 88199 89162 89760
3 88808 89712 93423
3 89022 89224 90732
3 89244 89450 89910
3 89280 89468 92557
3 89320 90010 98732
3 89483 90304 91159
3 89507 90051 92267
3 89921 91469 94082
3 90106 90555 90569
3 90394 90788 92451
3 90418 91257 94263
3 90478 90658 90943
3 90530 91714 92496
3 90803 92298 92975
3 90896 91786 92425
3 91523 92529 93136
3 91923 93298 93823
3 92332 92544 93331
3 92803 93564 95253
3 93166 95038 95468
3 93533 93839 97715
3 93869 94016 94050
3 93992 94292 94670
3 94072 94852 98918
3 94386 94423 94488
3 94520 94877 98337
3 95039 95348 95460
3 95077 95477 96822
3 95206 96374 691
3 95711 96791 97408
3 95884 96133 444
3 96084 96540 99891
3 96095 96740 98393
3 96406 96634 97138
3 96973 97007 1650
3 97035 97238 99946
3 97047 97193 98002
3 97428 98708 98909
3 97708 97946 98852
3 98299 98879 1170
3 98417 98978 65
3 98650 98849 1788
3 99150 99334 672
3 99163 99373 2356
3 99537 355 1581
3 99754 483 1111
3 99788 668 1597
3 99934 1052 1849
3 99942 921 1634
3 93 184 1780
3 111 1039 3218
3 140 1046 2743
3 996 1206 2245
3 1635 1765 4306
3 1750 2135 4322
3 1859 2017 6722
3 1917 2143 2711
3 2178 2531 3942
3 2203 2413 2601
3 2476 2557 3858
3 2688 2761 3980
3 2800 3245 4161
3 2839 2878 3804
3 3133 3490 4351
3 3156 3460 5179
3 3251 3960 7298
3 3321 3629 5761
3 3492 4107 5058
3 3894 3990 4562
3 4380 4774 5502
3 4461 5482 5750
3 4918 5365 6199
3 5651 5945 7042
3 5677 6235 8480
3 5700 5957 6303
3 5882 6043 6495
3 6048 6418 8378
3 6319 6723 8486
3 6348 6818 7633
3 6761 7338 9058
3 6822 7208 7415
3 7072 7361 7575
3 7420 7642 10338
3 7540 7614 8194
3 7920 8442 9682
3 8174 8301 10342
3 8429 8577 10169
3 8607 8880 9230
3 8793 8983 10175
3 8973 9266 9700
3 9233 9865 10440
3 9481 9956 10866
3 9566 10283 11633
3 9699 9818 10090
3 9714 10315 12051
3 10386 11330 11711
3 10586 10892 10951
3 10730 10929 12109
3 10736 11098 11862
3 11118 11304 11616
3 11383 11858 12044
3 11465 11586 12296
3 11492 11834 12232
3 11897 12418 12904
3 12447 12882 13390
3 12501 12704 15512
3 12569 12759 12849
3 12600 12691 12922
3 12698 12890 13488
3 13040 13258 13792
3 13272 13425 13460
3 13424 13889 15262
3 13499 13527 14911
3 13816 13985 18058
3 13913 15055 16077
3 13923 15095 19053
3 14022 14358 16550
3 14288 14913 17659
3 14400 14666 15741
3 14941 15539 17159
3 14982 15221 16908
3 15125 15891 16522
3 15148 15340 16281
3 15706 15761 16087
3 15821 15982 16462
3 16459 16882 17009
3 16762 17351 17410
3 16861 17062 18991
3 17153 17702 17911
3 17627 17675 18011
3 17644 17707 20557
3 17705 18255 19755
3 17814 18140 18169
3 18153 18767 19986
3 18314 19284 19304
3 18338 18402 18831
3 18446 19473 24629
3 18467 19140 19960
3 18732 19148 19585
3 18790 19125 19963
3 19441 19553 22197
3 19569 19625 21723
3 19648 19894 20952
3 20008 20669 21593
3 20222 20471 21502
3 20456 21101 23011
3 20622 21953 23152
3 20713 22064 23232
3 21187 21638 23317
3 21556 22248 22924
3 21616 21698 22333
3 21619 21775 26526
3 22055 22530 22925
3 22186 22390 23558
3 22370 23007 23365
3 22631 23395 25004
3 22676 23396 24300
3 22690 23728 25256
3 23055 24080 24409
3 23636 24093 24638
3 23742 23908 24437
3 23778 24164 24495
3 24488 24948 25630
3 24553 25319 25547
3 24767 24920 27482
3 24996 25350 25474
3 24999 25483 25900
3 25127 25412 25879
3 25438 25452 25980
3 25462 26401 28165
3 25470 25570 26833
3 25647 26314 28146
3 25700 26377 27872
3 25723 26160 27120
3 25911 26316 27457
3 26534 27081 28488
3 26839 27893 28641
3 27026 27078 28009
3 27147 27636 29057
3 27746 27844 29285
3 28052 28215 29711
3 28129 28255 28451
3 28288 28331 29169
3 28300 28326 29574
3 28373 28449 29637
3 28523 28553 29532
3 28687 28847 31267
3 28941 29095 29947
3 28980 29340 30860
3 29447 29617 29933
3 29572 29768 30329
3 29779 30147 31068
3 29800 30227 30353
3 30247 30584 30870
3 30343 30663 31644
3 30771 30804 31169
3 31149 31202 31819
3 31155 31312 32983
3 31260 31282 31560
3 31498 31517 32203
3 31543 31551 33871
3 31562 32358 34950
3 31839 32111 32693
3 32443 32714 33122
3 32486 32954 33052
3 32495 33239 33792
3 32867 33749 35980
3 33079 33588 34570
3 33289 34269 36245
3 33403 33512 33856
3 33791 34421 35228
3 34013 34227 34750
3 34156 34318 35159
3 34323 34894 35315
3 34676 35467 35653
3 34814 35170 35394
3 35084 35544 36111
3 35117 35168 36872
3 35224 35398 36016
3 35870 36943 36947
3 35950 36093 37509
3 36066 36399 37342
3 36115 36695 37536
3 36262 36398 36845
3 36542 37324 38107
3 36544 37031 37206
3 36907 37170 37616
3 37424 37473 38888
3 37490 37498 38323
3 37599 37678 38084
3 37636 37714 38266
3 37781 37790 39814
3 37982 38055 38447
3 38155 38436 38779
3 38379 38404 38783
3 38796 38920 39076
3 38811 39698 41352
3 39018 39160 40971
3 39820 40332 41975
3 39988 40297 41132
3 40022 40049 41772
3 40093 40364 40490
3 40396 40807 41373
3 40674 40974 41994
3 40934 41561 41603
3 41302 41779 41997
3 41403 41681 41845
3 41486 42506 42861
3 41572 41876 42001
3 42141 42193 42646
3 42178 42239 44144
3 42264 42738 43161
3 42330 42448 42634
3 42443 42650 42755
3 42517 42697 43410
3 42616 42739 43417
3 42786 42840 43342
3 42830 43025 43660
3 42931 43302 43364
3 43103 43535 44428
3 43251 43368 44094
3 43327 43330 43800
3 43387 44109 44249
3 43539 44100 44960
3 43682 43834 44736
3 43736 44439 44748
3 43962 44241 44858
3 44101 44574 44872
3 44150 44583 44666
3 44465 44641 45376
3 45050 45472 46534
3 45103 45279 46559
3 45232 45524 47209
3 45422 45507 47359
3 45824 45835 47189
3 45890 45931 46007
3 46024 46025 46544
3 46092 46703 47110
3 46554 46570 47373
3 46561 46863 47300
3 46596 46910 47675
3 46802 47391 47969
3 46885 47721 47771
3 47006 47762 47776
3 47039 47458 47812
3 47222 48040 48187
3 47636 47734 48231
3 47960 47979 48770
3 48141 48233 48270
3 48236 48544 51497
3 48255 48342 49913
3 48265 49001 49573
3 48403 48750 49449
3 48503 48592 49426
3 48581 49736 50608
3 48612 50120 50261
3 48646 48791 50634
3 48683 49423 50690
3 48960 49392 49872
3 49432 50298 50742
3 49753 50349 51790
3 50151 50168 50678
3 50246 50774 51645
3 50300 51084 51626
3 50329 50398 50530
3 50447 50895 51527
3 50973 51557 51789
3 51110 51412 51842
3 51216 51479 53166
3 51319 51559 53071
3 51365 51751 51960
3 51539 51764 54337
3 51945 52365 54444
3 51948 52309 53844
3 52304 52501 53626
3 52313 52426 53738
3 52405 52556 53742
3 52422 52768 53532
3 52867 53206 53877
3 53321 53975 54362
3 53469 53485 54127
3 53656 53976 54649
3 53749 53989 54600
3 54215 54339 55015
3 54309 54579 54830
3 54391 55298 56106
3 54550 55226 55429
3 54685 55363 56264
3 54720 55060 56012
3 54890 55358 56282
3 54925 55367 56582
3 55399 55446 55633
3 55598 56244 56494
3 55666 56193 56503
3 55816 56550 57128
3 56107 56576 57078
3 56240 57169 58677
3 56381 56745 57526
3 56524 56680 57483
3 56765 57339 57898
3 57212 57353 57546
3 57407 57541 57640
3 57425 57862 60631
3 57603 57629 58148
3 57624 57826 58878
3 57700 58268 58656
3 58070 58583 58850
3 58106 58561 59660
3 58232 58555 58704
3 58456 58516 60211
3 58562 58730 59139
3 58566 58839 59675
3 58705 58791 59314
3 58836 58871 59410
3 59005 59071 59315
3 59241 60206 60851
3 59648 60345 60660
3 59815 59977 60119
3 59900 60078 60449
3 60116 60531 61456
3 60138 60416 61816
3 60409 60467 60953
3 60462 60594 60786
3 60480 60522 61444
3 60515 60717 60739
3 60669 60921 61117
3 60940 61572 61712
3 60995 61069 61098
3 61083 61320 62107
3 61113 61691 63142
3 61280 61357 61779
3 61490 61861 63086
3 61850 62009 64182
3 62077 62196 62551
3 62261 62451 62495
3 62841 62969 63604
3 62968 62974 63626
3 63046 63078 65615
3 63144 63253 63789
3 63172 64344 64514
3 63200 63400 65270
3 63238 63911 66026
3 64104 64322 64784
3 64490 64746 65437
3 64496 64930 65037
3 64585 65105 65413
3 64789 65156 65809
3 65230 65709 66040
3 65611 65648 65765
3 65857 66017 66122
3 65891 66168 66349
3 66268 66627 70015
3 66324 66333 67082
3 66393 66405 66819
3 66578 67318 67682
3 66823 66867 68071
3 67239 67621 68055
3 67684 67976 68094
3 67694 67892 70126
3 67798 68339 68544
3 67865 68436 68646
3 67957 68278 69377
3 68128 68350 68871
3 68402 68493 70868
3 68469 69422 70381
3 68541 68953 69453
3 68653 69231 69369
3 68814 69266 69761
3 68838 69454 70114
3 69563 69711 69762
3 69601 70205 71292
3 69985 70003 71191
3 70164 70297 71056
3 70271 70336 70453
3 70281 70926 71030
3 70398 70960 71525
3 70594 70835 71307
3 70601 70788 72963
3 70987 71504 72005
3 71029 71301 71842
3 71034 71344 71435
3 71376 71697 71797
3 71443 72039 72166
3 71635 71812 72239
3 71704 72526 75067
3 71966 72570 72743
3 72006 72655 72912
3 72362 72842 72940
3 72582 73058 73180
3 72672 72708 73409
3 72745 73676 75603
3 72884 73484 75396
3 72969 73098 75125
3 73245 73955 74190
3 73700 73985 74840
3 74245 74284 75441
3 74354 74377 75205
3 74697 75543 75651
3 74893 75033 75464
3 74943 75831 75869
3 75277 75592 76411
3 75728 75839 77360
3 75802 75972 76758
3 75848 75899 79185
3 75934 76061 76122
3 76001 76056 76332
3 76171 76540 76829
3 76237 76613 76645
3 76292 76404 76634
3 76602 77252 77670
3 76648 77043 77501
3 76927 77585 77982
3 77263 77301 78365
3 77322 77570 79057
3 77405 77891 77963
3 77433 77745 78526
3 77684 77979 78595
3 77737 77844 78437
3 78145 78225 79037
3 78214 78216 78698
3 78356 78414 78458
3 78640 79468 79972
3 78914 79007 79205
3 79186 79776 80651
3 79246 79415 80884
3 79493 79938 80223
3 79697 80339 81114
3 79772 79958 79964
3 79886 81110 81693
3 80358 80477 80864
3 80661 81008 81478
3 80838 80945 81715
3 80968 81075 82211
3 81140 81356 82643
3 81726 81884 82944
3 81810 82289 82979
3 81838 82058 82706
3 81951 82666 82850
3 82447 82514 84055
3 82702 83480 84328
3 82844 83060 83238
3 82989 83779 86152
3 83027 83171 84438
3 83097 83271 84308
3 83407 83604 84835
3 83511 83562 83634
3 83853 83891 84550
3 83972 84161 85161
3 83991 84950 85250
3 84170 84442 84687
3 84234 84316 85024
3 84369 84702 86346
3 84417 84653 85333
3 84572 84952 86037
3 84897 84959 86241
3 85009 85274 86269
3 85312 85460 85982
3 85434 85459 86007
3 85448 85911 86345
3 85489 86438 87413
3 85494 86627 86696
3 85498 86259 86737
3 86125 86394 86472
3 86399 87053 88055
3 86508 86803 87386
3 86832 86858 88110
3 86908 86940 87668
3 86954 87245 88185
3 87041 87411 87457
3 87216 87608 87766
3 87799 88194 88944
3 87904 87922 88293
3 88146 88169 90338
3 88161 88525 90109
3 88214 88386 88483
3 88268 88384 88716
3 88445 88787 88790
3 88463 88821 90159
3 88794 89463 90311
3 89119 90102 91343
3 89175 89940 90387
3 89669 90329 91578
3 89824 90351 90634
3 90321 90526 90612
3 90736 90971 91155
3 90740 91696 92611
3 90997 91058 91689
3 91003 91019 92422
3 91227 91368 91980
3 91262 91705 91925
3 91314 92205 93109
3 91434 91628 93693
3 91508 91738 93653
3 91565 91686 92735
3 92060 92592 92612
3 92360 92445 92517
3 92687 92961 96022
3 92691 92753 93359
3 92920 93373 95250
3 93010 93131 93495
3 93442 94031 95594
3 93689 93733 95690
3 93769 93782 93827
3 93890 94158 95656
3 94045 94113 94698
3 94059 94661 94777
3 94203 94356 96081
3 94327 94502 94547
3 94431 94566 95504
3 95008 95462 95621
3 95085 95384 96858
3 95220 95657 96799
3 95223 96388 96414
3 95857 95948 97132
3 96006 96157 96437
3 96328 96387 98568
3 96367 96970 97468
3 96530 97052 97336
3 96542 96585 97663
3 96632 97141 98459
3 96730 97213 98219
3 96972 97332 97859
3 97063 97359 98637
3 97244 97513 99202
3 97424 97582 97612
3 97438 98758 99299
3 97444 97953 98965
3 97988 98570 98754
3 98024 98079 98092
3 98085 98739 99869
3 98266 99144 641
3 98275 99148 99776
3 98984 99214 99222
3 99131 99263 46
3 99324 99613 1267
3 99503 99631 843
3 99646 82 201
3 99674 99777 99855
3 99894 448 862
3 104 255 711
3 176 410 799
3 235 452 817
3 362 595 1148
3 440 662 834
3 676 1193 1344
3 773 1011 1721
3 1082 1136 1172
3 1205 1231 1743
3 1539 1569 1861
3 1748 1868 2058
3 1784 1960 2164
3 1847 1950 2408
3 1890 2068 2939
3 2131 2405 2680
3 2271 2280 2399
3 2327 2672 2988
3 2426 2812 3026
3 2444 2593 3643
3 2483 2951 3051
3 2734 3035 3211
3 2857 3283 3295
3 2938 3107 3806
3 3189 3269 3692
3 3395 3837 4061
3 3439 3580 4817
3 3547 3814 4006
3 3591 3793 4783
3 3671 3815 4234
3 3971 4315 4984
3 4078 4195 4521
3 4127 4526 4752
3 4584 4601 4879
3 4753 4948 4998
3 4876 5164 5174
3 4885 5049 5220
3 4888 5725 5859
3 5060 5277 5458
3 5147 5329 6200
3 5200 5268 5358
3 5362 5814 7127
3 5666 5734 6541
3 5779 5992 6232
3 5849 6076 6103
3 6002 6027 6276
3 6111 6565 6997
3 6224 6253 7030
3 6364 6615 6620
3 6368 6535 7079
3 6842 7136 7715
3 6909 6946 7205
3 6954 7375 7842
3 7281 7421 7750
3 7350 7699 9575
3 7489 7518 7572
3 7706 7734 7922
3 7834 8453 8531
3 8067 8478 8825
3 8195 8536 8764
3 8718 8740 8998
3 8854 9286 9303
3 8865 9297 9389
3 8969 9060 9605
3 9138 9416 9742
3 9310 9440 9540
3 9354 9583 10564
3 9477 9630 10073
3 9483 10428 10469
3 9756 10255 10553
3 9784 10091 10262
3 10313 10339 11282
3 10420 10429 11363
3 10468 10912 11171
3 10552 10827 11110
3 10580 10671 10990
3 10792 11597 11801
3 11032 11242 11337
3 11280 11615 11654
3 11380 11433 12180
3 11506 11722 11733
3 11540 11781 11825
3 11819 11830 11937
3 11843 11930 12210
3 11960 12145 12458
3 12208 12492 12845
3 12233 12235 12236
3 12248 12332 12642
3 12383 12588 12821
3 12503 12621 12791
3 12655 12816 13060
3 12766 13113 13311
3 12829 12832 13459
3 12842 13230 13451
3 13057 13470 13577
3 13213 13217 14215
3 13385 13519 13610
3 13454 13531 13982
3 13629 13805 14187
3 13901 14078 14240
3 14267 14302 14818
3 14434 14640 14711
3 14470 14714 15134
3 14501 14786 15426
3 14874 14957 15330
3 14877 15090 15224
3 14910 15949 16186
3 15188 15253 15462
3 15360 16163 16352
3 15649 15934 16017
3 15698 16247 16336
3 15855 16430 16497
3 15928 16446 16857
3 16524 16970 17584
3 16551 16663 17341
3 16604 16666 16741
3 16612 17266 17697
3 16821 17106 17327
3 16977 17107 17358
3 17128 17466 17840
3 17449 17554 18398
3 17572 17581 18458
3 17617 17666 17966
3 17704 17787 18175
3 17856 18005 18603
3 18076 18343 18734
3 18564 18748 19134
3 18708 18880 18946
3 18738 18802 18852
3 18906 19000 19257
3 19050 19204 19497
3 19216 19336 19659
3 19316 19355 19370
3 19735 19749 19885
3 19799 20429 20494
3 19841 20170 20187
3 20035 20061 20492
3 20234 20330 21346
3 20285 20378 20483
3 20361 20841 21075
3 20527 20771 21069
3 20605 20821 20831
3 20723 21182 21200
3 20891 21204 21210
3 21030 21206 21581
3 21119 21334 21342
3 21256 21383 21702
3 21364 21855 21968
3 21414 21536 21752
3 21566 21580 21669
3 21640 21761 21854
3 21692 21735 21802
3 21862 21893 22637
3 21897 21923 22168
3 21971 22255 22353
3 22028 22759 22972
3 22261 23156 24216
3 22301 22886 24057
3 22580 22714 22934
3 22737 22997 24630
3 22872 22937 24330
3 22967 23098 24471
3 22998 23332 23455
3 23041 23118 23489
3 23319 23500 23557
3 23469 23794 24798
3 23512 23942 24097
3 23518 23756 23988
3 24088 24313 25873
3 24283 24424 24953
3 24299 24370 25435
3 24456 25001 25267
3 24476 24681 25542
3 24594 25179 25180
3 24926 25046 25407
3 25147 25694 25698
3 25488 25701 25860
3 25504 25574 25946
3 25781 25786 25847
3 25825 25910 25966
3 25838 26010 26361
3 25866 26169 26273
3 26027 26250 27119
3 26282 26399 26541
3 26355 26488 27101
3 26494 26899 26909
3 26530 26934 27544
3 26733 27029 27548
3 26954 27348 27356
3 27124 27384 27385
3 27172 27418 27894
3 27336 27955 28583
3 27550 27638 28201
3 27625 27897 28217
3 27837 28150 28664
3 27988 28184 28251
3 28242 28329 28703
3 28287 28290 28425
3 28315 28558 28751
3 28604 28831 29312
3 28632 28898 28951
3 28855 29257 29275
3 28900 28938 29506
3 28974 29425 29810
3 29148 29319 29975
3 29268 29640 30331
3 29337 29437 30545
3 29608 29610 30851
3 29662 29874 30999
3 29806 29852 29984
3 29870 30223 30772
3 29965 30128 30645
3 30050 30221 30426
3 30194 30664 30792
3 30484 30575 31731
3 30673 30832 31132
3 30705 31183 31707
3 30739 30805 30923
3 30891 30940 31431
3 30939 30981 31217
3 30991 31362 31417
3 31579 31769 31866
3 31648 31774 32367
3 31676 31934 32092
3 31939 32173 32301
3 31963 32020 32138
3 32087 32255 32540
3 32378 32613 33016
3 32543 32559 32703
3 32565 32599 33283
3 32641 32681 32944
3 32667 32868 33421
3 32845 32970 33209
3 32876 33134 33406
3 32948 33260 33303
3 33077 33502 33631
3 33316 33436 33496
3 33416 33514 33820
3 33521 33750 34107
3 33819 34118 34376
3 33864 34313 34781
3 33894 34087 34155
3 34223 34411 35069
3 34231 34348 34749
3 34248 34504 34516
3 34573 34654 34700
3 34584 34643 34816
3 34668 34693 34822
3 34823 34866 35319
3 34851 34854 35354
3 34883 34899 35867
3 34909 35173 35242
3 35008 35154 35329
3 35049 35226 35933
3 35123 35403 35439
3 35428 35471 35608
3 35504 35758 35808
3 35516 35603 36135
3 35588 35896 36207
3 35715 35787 36834
3 35837 36061 36301
3 36025 36102 36318
3 36039 36136 36192
3 36265 36550 37229
3 36562 36800 36938
3 36718 36963 37131
3 36843 37051 37710
3 37000 37275 37305
3 37116 37343 37986
3 37302 37318 37372
3 37308 37345 37643
3 37510 37660 37739
3 37786 37890 38105
3 38043 38111 38181
3 38154 38178 38422
3 38255 38337 38416
3 38358 38515 38547
3 38559 38641 38870
3 38675 39106 39280
3 38718 38878 38937
3 38898 39016 39212
3 39037 39173 39610
3 39184 39304 40075
3 39244 39289 39731
3 39267 39392 39575
3 39360 39476 39754
3 39449 39532 39755
3 39477 39861 40115
3 39587 39954 40147
3 39760 40050 40261
3 39838 39879 40362
3 39882 40251 40312
3 40064 40314 41166
3 40134 40443 40763
3 40368 40484 40602
3 40395 40591 40653
3 40533 40540 40629
3 40664 40892 41108
3 40942 41105 41222
3 40970 41041 41762
3 41090 41549 41957
3 41197 41630 41859
3 41300 41781 42044
3 41648 41922 42092
3 42061 42108 42656
3 42086 42354 42374
3 42221 42268 42729
3 42438 42494 42604
3 42462 42710 42813
3 42752 42805 43998
3 42771 43044 43218
3 42879 42903 43062
3 42976 42986 43000
3 43028 43060 43775
3 43106 43334 43667
3 43289 43335 43500
3 43336 43502 43825
3 43376 43721 43759
3 43552 43762 44028
3 43910 43961 44222
3 44006 44368 44445
3 44043 44093 44386
3 44238 44346 44411
3 44309 44367 44405
3 44380 44487 44765
3 44414 44669 44991
3 44416 44895 45022
3 44417 44731 44772
3 44498 44898 45602
3 44887 44930 45360
3 44981 45116 45734
3 45174 45348 45576
3 45443 45619 45794
3 45463 45843 46405
3 45633 45669 45999
3 45973 45978 46136
3 46198 46272 46850
3 46377 46688 47051
3 46381 46511 47179
3 46395 46710 47194
3 46528 46660 46877
3 46663 46689 47137
3 46747 46768 46964
3 46905 47042 47478
3 47243 47346 47450
3 47362 47422 47609
3 47445 47615 47867
3 47456 47523 47641
3 47543 47613 47791
3 47628 47892 48361
3 47676 47823 48290
3 47741 47952 48420
3 47852 48055 48489
3 47942 47996 49077
3 48219 48244 49595
3 48248 48440 48804
3 48323 49022 49036
3 48600 49049 49848
3 48893 49131 49499
3 49319 49535 49850
3 49328 49662 49859
3 49545 49713 49719
3 49730 49870 50441
3 49757 49962 50099
3 49984 50163 50179
3 50014 50264 50408
3 50136 50191 50266
3 50356 50484 50490
3 50374 50517 50906
3 50379 50651 50685
3 50420 50566 51577
3 50659 50885 51172
3 50751 51087 51335
3 50995 51138 52111
3 51157 51200 51649
3 51185 51226 51259
3 51398 51608 51796
3 51501 51599 51624
3 51623 51706 51821
3 51756 51835 52282
3 52020 52055 52090
3 52079 52266 53076
3 52196 52262 52277
3 52214 52231 52711
3 52294 52710 52962
3 52457 52695 53036
3 52567 52572 53693
3 52573 52898 52907
3 52585 52834 53080
3 52590 53041 53162
3 52692 53114 53143
3 53067 53151 53459
3 53125 53357 54058
3 53153 53670 53888
3 53428 53588 53840
3 53513 54185 54328
3 53645 53851 54324
3 53906 53917 55032
3 54016 54447 54620
3 54449 54464 54541
3 54580 54782 55125
3 54819 55033 55083
3 54888 55082 55279
3 54992 55106 55193
3 55117 55158 55368
3 55202 55297 55304
3 55321 55343 55676
3 55383 55468 55561
3 55465 55490 55526
3 55480 55706 56261
3 55568 55600 56001
3 55667 55751 56237
3 55829 55852 56157
3 55935 55967 56293
3 55988 56108 56621
3 56009 56233 56684
3 56037 56548 56682
3 56196 56574 56843
3 56416 56578 56867
3 56419 57037 57587
3 56652 56776 57812
3 56732 57009 57620
3 56797 57115 57470
3 57082 57117 57227
3 57185 57252 57349
3 57395 57681 57782
3 57524 57717 58455
3 57861 57902 58345
3 58098 58293 58696
3 58110 58229 58739
3 58128 58362 58433
3 58320 58388 58803
3 58546 58680 58681
3 58600 58633 59129
3 58901 58909 59288
3 58934 58968 59369
3 58967 59058 59356
3 59292 59299 59523
3 59325 59445 59721
3 59427 59569 59889
3 59658 59916 60311
3 59673 59682 60165
3 59983 60351 60553
3 59996 60130 60354
3 60270 60343 60471
3 60407 60592 60675
3 60419 60630 60949
3 60618 60678 61820
3 60636 60797 60835
3 60703 60960 61254
3 60891 61034 61182
3 61194 61220 61962
3 61256 61810 62561
3 61295 61462 61819
3 61336 61507 61555
3 61511 61818 62108
3 61840 61927 62727
3 61933 62131 62858
3 61969 61987 61991
3 61977 62140 62304
3 62161 62228 62865
3 62168 62392 63274
3 62333 62559 62697
3 62718 63056 63263
3 62855 62860 63014
3 63102 63216 63347
3 63161 63239 63959
3 63322 63503 64236
3 63340 63448 63660
3 63421 63499 63620
3 63462 63758 63919
3 63547 63782 64260
3 63702 64347 64580
3 63845 63913 64358
3 63934 64092 64139
3 63952 64327 64528
3 64095 64443 64570
3 64417 64510 65024
3 64671 64722 65102
3 64678 65110 65777
3 64790 64882 64966
3 64907 64979 65165
3 64953 64977 66259
3 65064 65182 65337
3 65101 65280 65916
3 65120 65408 65995
3 65254 65393 65728
3 65453 65578 66083
3 65558 65763 65957
3 65828 65921 66060
3 65983 66175 66397
3 66052 66462 66929
3 66133 66166 66980
3 66151 66291 67528
3 66221 66449 66784
3 66223 66467 66749
3 66496 66772 67055
3 66568 66597 67012
3 66808 66917 67087
3 66954 67014 67016
3 67001 67120 67825
3 67017 67185 67229
3 67059 67282 67317
3 67214 67257 67729
3 67501 67949 68083
3 67521 68035 68044
3 67530 67782 68263
3 67713 67992 68141
3 68084 68435 69290
3 68085 68302 69827
3 68336 68342 68775
3 68388 68460 68481
3 68446 68513 69071
3 68537 69022 69251
3 68556 68888 68943
3 68903 69052 69770
3 68968 68975 69789
3 69090 69157 69679
3 69235 69742 69748
3 69292 69313 69618
3 69304 69445 69703
3 69807 69852 70184
3 69821 69983 70206
3 69849 70077 70366
3 69863 70189 70513
3 70037 70441 71328
3 70040 70545 70766
3 70147 70532 70912
3 70560 70680 70860
3 70575 70588 70691
3 70589 70610 71391
3 70820 70855 72369
3 70884 71117 71139
3 70946 71263 71942
3 71043 71359 71639
3 71126 71152 71982
3 71591 71853 72008
3 71730 71796 72600
3 71790 72349 72465
3 71974 72060 72929
3 72002 72055 72299
3 72112 72229 72410
3 72252 72944 73003
3 72278 72811 73182
3 72613 73314 73362
3 72724 73054 73364
3 72934 73429 73650
3 73085 73407 73741
3 73243 73708 73815
3 73406 73494 73811
3 73469 73603 73672
3 73595 73651 74107
3 73622 73850 74051
3 73636 73966 74042
3 73719 73856 74438
3 73743 73970 74283
3 74001 74170 74923
3 74187 74462 74954
3 74303 74866 75376
3 74342 74384 74482
3 74352 74627 74790
3 74702 74994 75119
3 74814 74872 75007
3 75065 75386 75598
3 75116 75583 75847
3 75195 75629 75753
3 75382 75404 76294
3 75615 75862 75892
3 75726 76471 76509
3 75743 75985 76178
3 75790 75920 76939
3 76072 76247 76426
3 76260 76412 76970
3 76269 76586 76914
3 76557 76891 76941
3 76600 77012 77052
3 76603 76629 77361
3 76755 77026 77053
3 76946 77132 77244
3 77097 77282 77452
3 77256 77317 77530
3 77326 77341 77785
3 77451 77454 78106
3 77983 78131 78578
3 77991 78124 78153
3 78004 78260 78841
3 78014 78592 78904
3 78288 78404 78933
3 78394 78655 79142
3 78649 78954 80316
3 78656 78783 78833
3 78970 78980 79054
3 78982 79198 79369
3 79143 79325 79359
3 79279 79690 80096
3 79406 79450 80052
3 79490 79578 80400
3 79510 79596 80091
3 79579 79817 80971
3 79783 80185 80590
3 79979 80263 80802
3 80002 80389 80550
3 80066 80374 80533
3 80229 80357 80784
3 80288 80329 81047
3 80369 80863 81036
3 80440 80920 81058
3 80769 80917 81167
3 80834 81014 81796
3 80858 81108 81783
3 81046 81249 81721
3 81230 81679 81943
3 81262 81398 81925
3 81393 81741 81989
3 81511 81774 82685
3 81815 82061 82312
3 81873 81983 82358
3 82011 82320 82475
3 82162 82364 82751
3 82387 82499 83041
3 82556 82575 82822
3 82602 82974 83577
3 83061 83073 83687
3 83063 83070 83509
3 83074 83307 83629
3 83090 83216 83456
3 83242 83436 84001
3 83429 83592 83708
3 83606 83854 84470
3 83715 83766 84066
3 83847 84018 84259
3 83903 83958 84275
3 84045 84048 84120
3 84049 84087 84396
3 84080 84136 84381
3 84095 84290 84638
3 84336 84734 85035
3 84428 84540 84770
3 84549 84922 85108
3 84839 84948 84988
3 84949 85278 85405
3 85069 85204 85433
3 85122 85456 85552
3 85319 85418 85709
3 85342 85356 85358
3 85406 85626 85758
3 85436 85971 86126
3 85452 85769 86103
3 85508 85863 86459
3 85878 85922 86278
3 85935 86045 86651
3 85958 86149 86615
3 86406 86441 86620
3 86614 86654 86930
3 86725 86769 86778
3 86740 86840 87030
3 86827 87087 87647
3 86980 87432 88415
3 87111 87162 87580
3 87171 87313 88568
3 87321 87585 88195
3 87675 87817 88325
3 87839 87907 87969
3 87928 88039 89010
3 88113 88277 88388
3 88241 88244 88764
3 88255 88287 88945
3 88446 88571 89033
3 88596 88664 90756
3 88775 88788 89075
3 88851 88963 89747
3 89061 89231 89741
3 89251 89360 89666
3 89467 89587 89611
3 89525 89834 90072
3 89554 89617 90120
3 89752 89808 90285
3 89813 89905 90138
3 90011 90083 91735
3 90119 90303 90331
3 90144 90223 90775
3 90188 90316 90506
3 90205 90539 90804
3 90568 90917 90962
3 90677 90892 90918
3 90733 90927 90965
3 90934 91107 91470
3 90983 91141 91339
3 90989 91411 91564
3 91161 91384 91684
3 91259 91503 92133
3 91457 91877 92040
3 91485 91536 91588
3 91535 91983 92065
3 91571 92002 92134
3 91835 92107 92790
3 92048 92123 92138
3 92149 92177 92799
3 92245 92481 92848
3 92344 92745 92754
3 92414 92804 93070
3 92434 93144 93285
3 92668 92673 93053
3 92761 93039 94160
3 92813 93054 93096
3 93027 93292 93835
3 93110 93389 93875
3 93146 93366 93480
3 93209 93623 94697
3 93239 93942 93957
3 93260 93773 94344
3 93954 94460 94925
3 93975 94123 94149
3 94159 94329 94600
3 94209 94439 94545
3 94352 94678 95516
3 94535 94763 95090
3 94639 94671 94771
3 94667 95116 95888
3 94721 94761 95026
3 94788 95113 95696
3 94907 95074 95448
3 95154 95260 95502
3 95199 95265 95500
3 95257 95413 95519
3 95542 95578 95627
3 95692 95752 95808
3 95813 95832 96534
3 95830 95846 96048
3 95850 96057 96393
3 95905 96145 96151
3 96064 96235 96442
3 96077 96215 96624
3 96142 96319 96503
3 96171 96345 96936
3 96415 96711 96921
3 96498 96738 96967
3 96631 96876 97347
3 96893 96914 97061
3 97003 97088 97256
3 97094 97239 97415
3 97131 97521 97709
3 97173 97440 97875
3 97282 97857 98156
3 97617 97649 97722
3 97647 97971 98391
3 97711 97821 98594
3 97866 97937 98228
3 97873 98165 98676
3 98006 98155 98162
3 98077 98386 98615
3 98158 98688 99074
3 98237 98314 98338
3 98414 99220 99245
3 98429 98750 99086
3 98438 98504 98974
3 98947 99082 99314
3 99164 99260 99735
3 99215 99297 28
3 99282 99339 99763
3 99413 99442 99505
3 99444 99648 99745
3 99671 99750 126
3 99755 137 383
3 99925 239 326
3 251 431 553
3 322 372 460
3 351 471 601
3 532 675 741
3 605 631 750
3 616 645 683
3 761 828 1022
3 814 964 1092
3 895 1024 1079
3 1023 1031 1825
3 1123 1209 1270
3 1219 1222 1268
3 1297 1414 1419
3 1554 1824 1852
3 1671 1897 2128
3 1768 1772 2132
3 1962 2151 2316
3 2147 2206 2379
3 2278 2393 2589
3 2389 2415 2462
3 2445 2482 2705
3 2533 2550 2619
3 2704 2833 2909
3 2731 2950 3314
3 2854 3130 3501
3 2870 2931 3240
3 3060 3316 3507
3 3203 3389 3625
3 3483 3512 3770
3 3584 3628 3722
3 3606 3682 3856
3 3826 3941 4129
3 3886 4180 4492
3 3961 4053 4100
3 3968 4095 4191
3 4278 4313 4458
3 4336 4419 4548
3 4421 4490 4832
3 4460 4545 5041
3 4596 4686 4869
3 4707 4771 4961
3 4721 4993 5111
3 4764 5021 5162
3 4929 5022 5341
3 5065 5095 5209
3 5235 5439 5545
3 5403 5424 5440
3 5429 5555 5564
3 5462 5589 5628
3 5484 5625 5647
3 5676 5756 5905
3 5704 5837 6000
3 5923 6007 6093
3 5982 5995 6040
3 6034 6099 6180
3 6187 6205 6497
3 6209 6231 6434
3 6284 6287 6373
3 6288 6405 6407
3 6457 6510 6555
3 6475 6478 6644
3 6537 6630 6848
3 6673 6703 6769
3 6774 6783 7243
3 6828 7065 7106
3 7090 7186 7253
3 7123 7178 7201
3 7184 7340 7998
3 7196 7453 7587
3 7337 7546 8003
3 7438 7656 7659
3 7549 7608 7822
3 7619 7861 7887
3 7943 8107 8122
3 7986 8166 8343
3 8145 8147 8212
3 8146 8182 8313
3 8341 8360 8530
3 8403 8464 8601
3 8524 8562 8653
3 8574 8673 8717
3 8608 8667 8861
3 8739 8752 8992
3 8774 8874 8942
3 8806 8838 8888
3 9042 9097 9134
3 9126 9144 9151
3 9143 9349 9367
3 9229 9272 9433
3 9276 9417 9459
3 9366 9447 9466
3 9380 9533 9615
3 9480 9552 10000
3 9482 9724 9773
3 9485 9642 10078
3 9649 9685 9806
3 9694 9728 9805
3 9808 9820 10362
3 9833 10087 10185
3 9849 10158 10191
3 9874 9946 10168
3 10127 10365 10385
3 10205 10292 10443
3 10252 10259 10393
3 10310 10432 10691
3 10438 10494 10663
3 10522 10634 10694
3 10535 10601 10690
3 10684 10759 10788
3 10703 10789 10909
3 10804 10915 11318
3 10883 10978 11087
3 11036 11038 11423
3 11077 11133 11358
3 11125 11271 11384
3 11134 11322 11399
3 11314 11360 11573
3 11395 11440 11473
3 11442 11457 11536
3 11460 11537 11607
3 11594 11677 11758
3 11712 11804 11970
3 11749 11776 12434
3 11806 11826 11832
3 11861 11889 11945
3 12058 12193 12275
3 12062 12219 12351
3 12242 12365 12393
3 12463 12590 12646
3 12481 12511 12650
3 12485 12622 12639
3 12674 12703 12765
3 12677 12863 12886
3 12803 12938 13187
3 12808 13077 13195
3 13172 13221 13411
3 13202 13238 13384
3 13211 13359 13408
3 13281 13474 13738
3 13321 13493 13619
3 13556 13632 13681
3 13573 13678 13745
3 13754 13769 13812
3 13761 13838 13884
3 13788 13932 13934
3 13845 13939 14219
3 13883 14044 14454
3 14026 14027 14469
3 14247 14645 14740
3 14411 14479 14555
3 14535 14700 14715
3 14569 14736 14932
3 14657 14755 14887
3 14663 14741 14922
3 14857 14942 15141
3 14918 15101 15396
3 14955 15400 15417
3 15034 15063 15538
3 15398 15401 15450
3 15493 15555 15978
3 15500 15547 15581
3 15575 15577 15629
3 15672 15755 15785
3 15820 15870 15875
3 15830 15911 16052
3 15854 15968 16014
3 15976 16111 16413
3 15991 16116 16173
3 16212 16379 16534
3 16233 16323 16414
3 16272 16651 17214
3 16342 16460 16652
3 16765 16815 16865
3 16766 16831 17050
3 16874 16912 16922
3 17027 17055 17064
3 17075 17131 17285
3 17113 17303 17345
3 17157 17376 17478
3 17312 17422 17733
3 17314 17661 17896
3 17577 17657 17769
3 17615 17811 17951
3 17837 18073 18121
3 17922 18186 18428
3 18023 18292 18370
3 18173 18174 18515
3 18372 18434 18605
3 18377 18405 18664
3 18479 18643 18737
3 18565 18567 18788
3 18702 18769 18840
3 18791 18811 18884
3 18849 18923 19071
3 18928 18929 19092
3 18968 18997 19159
3 19026 19065 19383
3 19072 19111 19384
3 19139 19179 19438
3 19214 19276 19591
3 19228 19245 19426
3 19421 19463 19557
3 19427 19526 19580
3 19464 19494 19515
3 19469 19610 19623
3 19579 19714 19827
3 19692 19777 19987
3 19753 19821 19897
3 19842 19939 20172
3 19975 20117 20140
3 19985 20084 20359
3 20149 20197 20321
3 20181 20628 20692
3 20252 20424 20662
3 20369 20576 20596
3 20464 20783 20842
3 20648 20694 20998
3 20819 20823 20968
3 20925 20936 21077
3 20994 21037 21291
3 21056 21085 21231
3 21146 21193 21521
3 21163 21168 21758
3 21253 21363 21655
3 21378 21595 21972
3 21461 21582 21665
3 21674 21866 21900
3 21709 21783 22030
3 21921 22053 22251
3 22130 22183 22214
3 22267 22268 22383
3 22297 22338 22372
3 22384 22402 22407
3 22410 22414 22501
3 22472 22473 22505
3 22511 22536 22625
3 22541 22590 22968
3 22544 22587 22976
3 22632 22722 23182
3 22728 22838 23219
3 22988 23009 23140
3 23019 23233 23247
3 23103 23281 23289
3 23252 23315 23462
3 23322 23351 23448
3 23364 23410 23526
3 23416 23570 23598
3 23510 23697 23832
3 23586 23615 23926
3 23789 24065 24166
3 23807 23834 24194
3 23986 24187 24277
3 24085 24199 24219
3 24218 24250 24332
3 24342 24459 24460
3 24375 24401 24563
3 24436 24490 24675
3 24458 24511 24592
3 24567 24613 24740
3 24632 24660 24868
3 24669 24786 24883
3 24725 24849 24907
3 24793 24964 25089
3 24911 24951 25225
3 24972 25038 25241
3 25044 25156 25310
3 25293 25299 25329
3 25399 25402 25535
3 25446 25558 25603
3 25450 25549 25874
3 25476 25795 25849
3 25618 25826 25907
3 25682 25868 25992
3 25725 25988 26068
3 26037 26062 26544
3 26164 26173 26295
3 26189 26208 26487
3 26229 26246 26579
3 26288 26353 27040
3 26354 26667 26824
3 26679 26683 26732
3 26730 26756 26859
3 26754 26920 27283
3 26758 27202 27452
3 26773 26938 27175
3 26999 27057 27241
3 27011 27086 27208
3 27148 27310 27480
3 27212 27366 27552
3 27361 27370 27373
3 27362 27582 27617
3 27497 27620 27643
3 27501 27777 27800
3 27597 27644 27665
3 27698 27700 28296
3 27738 27802 27912
3 27752 27875 27972
3 28114 28144 28359
3 28120 28264 28405
3 28210 28354 28363
3 28279 28656 28814
2 28494 28504
2 28654 28718
2 28719 28725
2 28729 28736
2 28862 28992
2 29005 29093
2 29143 29163
2 29174 29253
2 29197 29287
2 29317 29351
2 29369 29445
2 29395 29457
2 29415 29439
2 29424 29426
2 29465 29519
2 29544 29547
2 29599 29612
2 29642 29918
2 29657 29676
2 29978 30038
2 30017 30043
2 30059 30084
2 30118 30124
2 30166 30243
2 30191 30281
2 30217 30246
2 30287 30294
2 30306 30311
2 30323 30468
2 30328 30531
2 30505 30603
2 30670 30734
2 30681 30694
2 30744 30753
2 30756 30778
2 30888 30993
2 30973 31072
2 31015 31158
2 31017 31074
2 31026 31102
2 31078 31111
2 31177 31196
2 31225 31245
2 31233 31271
2 31297 31447
2 31357 31484
2 31367 31539
2 31499 31598
2 31532 31565
2 31554 31564
2 31661 31726
2 31753 31763
2 31756 31824
2 31815 31884
2 31826 31889
2 31892 31905
2 31911 31912
2 31936 31943
2 31984 32023
2 32005 32008
2 32029 32235
2 32037 32125
2 32133 32148
2 32156 32381
2 32296 32419
2 32391 32502
2 32500 32720
2 32516 32626
2 32519 32682
2 32636 32772
2 32769 32833
2 32822 32877
2 32851 32866
2 32883 32887
2 32893 33039
2 33009 33015
2 33025 33143
2 33056 33115
2 33182 33241
2 33196 33311
2 33254 33381
2 33279 33319
2 33361 33430
2 33460 33498
2 33497 33535
2 33509 33616
2 33570 33597
2 33622 33654
2 33649 33737
2 33671 33682
2 33757 33794
2 33870 34009
2 33987 34015
2 34022 34044
2 34072 34096
2 34099 34133
2 34105 34179
2 34147 34339
2 34236 34258
2 34243 34419
2 34315 34325
2 34389 34463
2 34412 34427
2 34465 34586
2 34487 34523
2 34539 34635
2 34641 34642
2 34708 34798
2 34720 34735
2 34778 34802
2 34833 34857
2 34970 35057
2 34975 35027
2 35083 35189
2 35097 35237
2 35143 35234
2 35258 35334
2 35339 35463
2 35409 35486
2 35511 35531
2 35547 35564
2 35548 35594
2 35632 35683
2 35639 35727
2 35708 35791
2 35711 35810
2 35819 35899
2 35902 35942
2 35907 35947
2 35952 35977
2 35986 36014
2 36046 36070
2 36052 36104
2 36112 36125
2 36117 36139
2 36277 36279
2 36296 36450
2 36351 36457
2 36442 36523
2 36605 36677
2 36722 36755
2 36744 36750
2 36752 36794
2 36795 36852
2 36876 36944
2 36893 36972
2 36987 36997
2 37033 37099
2 37035 37124
2 37129 37418
2 37133 37185
2 37161 37434
2 37337 37448
2 37438 37534
2 37482 37659
2 37667 37701
2 37712 37744
2 37747 37879
2 37798 37919
2 37859 37913
2 37868 37961
2 37871 38061
2 37922 38012
2 37997 38010
2 38090 38168
2 38114 38188
2 38232 38247
2 38235 38276
2 38293 38297
2 38329 38347
2 38360 38426
2 38401 38455
2 38427 38480
2 38514 38548
2 38594 38603
2 38619 38620
2 38680 38775
2 38714 38858
2 38808 38868
2 38877 38913
2 38927 38983
2 38935 38971
2 39002 39090
2 39027 39292
2 39075 39135
2 39142 39317
2 39204 39230
2 39277 39417
2 39395 39479
2 39486 39533
2 39502 39585
2 39505 39540
2 39526 39657
2 39688 39744
2 39747 39981
2 39751 40012
2 39771 39976
2 40028 40171
2 40062 40069
2 40175 40194
2 40218 40247
2 40250 40301
2 40288 40427
2 40438 40564
2 40507 40597
2 40584 40649
2 40708 40724
2 40760 40915
2 40770 40945
2 40929 41002
2 41066 41181
2 41157 41239
2 41160 41281
2 41260 41293
2 41329 41382
2 41407 41466
2 41438 41485
2 41521 41525
2 41528 41529
2 41545 41671
2 41546 41607
2 41631 41691
2 41633 41753
2 41669 41741
2 41735 41809
2 41757 41892
2 41896 42104
2 41907 42084
2 42198 42473
2 42236 42529
2 42258 42344
2 42394 42476
2 42402 42581
2 42501 42574
2 42629 42654
2 42645 42655
2 42667 42692
2 42716 42791
2 42803 42951
2 42885 43036
2 42887 42957
2 42913 43058
2 43053 43198
2 43201 43242
2 43207 43352
2 43228 43353
2 43365 43402
2 43372 43426
2 43453 43457
2 43458 43497
2 43508 43623
2 43632 43718
2 43652 43838
2 43670 43853
2 43696 44066
2 43880 44086
2 44117 44262
2 44125 44183
2 44193 44391
2 44199 44287
2 44333 44406
2 44418 44471
2 44571 44630
2 44621 44759
2 44743 44864
2 44833 44868
2 44885 44899
2 44901 44903
2 44934 44978
2 45016 45043
2 45061 45077
2 45062 45107
2 45086 45136
2 45101 45217
2 45225 45242
2 45339 45442
2 45375 45562
2 45423 45473
2 45646 45746
2 45652 45825
2 45654 45797
2 45803 45837
2 45858 46169
2 45914 46038
2 45917 46215
2 46078 46122
2 46121 46137
2 46155 46187
2 46261 46275
2 46403 46411
2 46430 46456
2 46449 46549
2 46482 46522
2 46531 46543
2 46537 46630
2 46631 46678
2 46665 46667
2 46780 46912
2 46828 46855
2 46985 47001
2 47023 47027
2 47028 47037
2 47059 47190
2 47124 47270
2 47216 47291
2 47302 47376
2 47415 47421
2 47430 47440
2 47435 47561
2 47504 47515
2 47607 47646
2 47672 47689
2 47690 47764
2 47717 47790
2 47757 47875
2 47801 47836
2 47886 47903
2 47991 48102
2 48047 48164
2 48151 48154
2 48208 48390
2 48266 48405
2 48275 48483
2 48432 48475
2 48438 48479
2 48492 48497
2 48510 48618
2 48603 48707
2 48717 48773
2 48778 48837
2 48851 48940
2 48863 49093
2 48964 49026
2 49100 49132
2 49106 49107
2 49159 49316
2 49170 49304
2 49407 49433
2 49448 49484
2 49577 49701
2 49646 49697
2 49664 49752
2 49790 49829
2 49795 49855
2 49807 49837
2 49894 50030
2 49903 49945
2 49928 49941
2 50011 50255
2 50143 50239
2 50170 50335
2 50357 50365
2 50448 50589
2 50555 50761
2 50590 50650
2 50677 50770
2 50894 50929
2 50896 50918
2 50900 51051
2 50904 51267
2 50921 50974
2 50975 51149
2 50985 51159
2 51195 51310
2 51248 51256
2 51300 51333
2 51311 51345
2 51358 51387
2 51382 51391
2 51431 51481
2 51489 51536
2 51515 51555
2 51569 51607
2 51622 51659
2 51650 51868
2 51688 51730
2 51738 51841
2 51739 51779
2 51904 51950
2 51976 52023
2 52013 52041
2 52100 52171
2 52203 52215
2 52251 52281
2 52301 52329
2 52346 52371
2 52381 52389
2 52420 52427
2 52488 52525
2 52531 52535
2 52577 52751
2 52605 52720
2 52770 52792
2 52785 52913
2 52862 52906
2 52874 52975
2 52969 53180
2 52976 52996
2 53035 53224
2 53142 53171
2 53260 53274
2 53312 53324
2 53342 53387
2 53349 53417
2 53418 53441
2 53447 53517
2 53467 53615
2 53618 53721
2 53647 53786
2 53679 53891
2 53788 53950
2 53793 53977
2 53818 54077
2 53946 54154
2 54163 54180
2 54188 54212
2 54220 54228
2 54274 54395
2 54376 54552
2 54394 54522
2 54503 54572
2 54582 54610
2 54624 54636
2 54644 54687
2 54680 54758
2 54761 54834
2 54762 54829
2 54929 54966
2 54958 55014
2 55013 55115
2 55031 55172
2 55035 55182
2 55195 55248
2 55290 55382
2 55386 55503
2 55567 55630
2 55569 55643
2 55677 55682
2 55693 55697
2 55768 55776
2 55773 56022
2 55783 55916
2 55861 56044
2 55907 56062
2 56045 56093
2 56118 56142
2 56159 56225
2 56258 56333
2 56277 56341
2 56386 56430
2 56467 56472
2 56508 56528
2 56615 56624
2 56697 56801
2 56735 56857
2 56826 56865
2 56835 56895
2 56966 57111
2 57071 57094
2 57096 57132
2 57191 57256
2 57195 57331
2 57334 57351
2 57340 57361
2 57384 57420
2 57386 57611
2 57427 57443
2 57461 57609
2 57619 57635
2 57633 57739
2 57637 57725
2 57732 57743
2 57774 57944
2 57784 57974
2 57836 57865
2 57876 58017
2 58028 58051
2 58279 58302
2 58301 58311
2 58323 58411
2 58358 58454
2 58419 58576
2 58468 58545
2 58569 58604
2 58635 58718
2 58659 58715
2 58733 58757
2 58774 58826
2 58814 58956
2 58890 58938
2 58952 58992
2 59016 59019
2 59029 59031
2 59042 59066
2 59084 59089
2 59112 59143
2 59189 59212
2 59235 59280
2 59242 59413
2 59398 59446
2 59436 59464
2 59472 59475
2 59486 59503
2 59505 59506
2 59538 59590
2 59544 59631
2 59557 59634
2 59602 59698
2 59710 59790
2 59717 59735
2 59783 59823
2 59834 59975
2 59848 59917
2 59947 60120
2 60040 60117
2 60111 60141
2 60114 60184
2 60159 60199
2 60242 60428
2 60271 60476
2 60304 60469
2 60401 60481
2 60437 60578
2 60532 60777
2 60616 60683
2 60650 60868
2 60850 60867
2 60917 60998
2 60986 61093
2 60993 61218
2 61056 61210
2 61180 61219
2 61248 61261
2 61285 61376
2 61355 61388
2 61492 61558
2 61534 61560
2 61563 61696
2 61588 61705
2 61709 61783
2 61739 61839
2 61776 61869
2 61873 61890
2 61923 61981
2 61941 61953
2 61982 62036
2 62060 62084
2 62090 62169
2 62113 62213
2 62248 62256
2 62298 62329
2 62339 62340
2 62355 62497
2 62383 62486
2 62390 62476
2 62507 62541
2 62579 62609
2 62629 62691
2 62683 62694
2 62722 62749
2 62779 62846
2 62833 62877
2 62889 62904
2 62907 62986
2 62939 62957
2 63035 63137
2 63043 63077
2 63064 63186
2 63167 63223
2 63220 63304
2 63237 63327
2 63249 63329
2 63251 63346
2 63267 63355
2 63365 63410
2 63457 63504
2 63461 63564
2 63484 63567
2 63577 63718
2 63601 63725
2 63617 63786
2 63621 63833
2 63729 63829
2 63840 63844
2 63842 63933
2 63893 63943
2 63917 63965
2 63988 64022
2 64053 64183
2 64187 64212
2 64209 64335
2 64269 64391
2 64277 64590
2 64364 64398
2 64378 64704
2 64560 64684
2 64609 64732
2 64760 64766
2 64793 64828
2 64833 64873
2 64855 64981
2 64910 65031
2 64983 65071
2 65077 65092
2 65098 65151
2 65136 65188
2 65167 65347
2 65203 65215
2 65242 65464
2 65305 65467
2 65306 65479
2 65358 65606
2 65641 65646
2 65675 65746
2 65684 65706
2 65700 65723
2 65753 65796
2 65810 65894
2 65820 65952
2 65823 66005
2 65932 66189
2 66104 66319
2 66231 66246
2 66326 66607
2 66355 66408
2 66447 66456
2 66564 66733
2 66652 66815
2 66713 66786
2 66843 66908
2 66913 67067
2 67073 67161
2 67091 67268
2 67175 67262
2 67188 67320
2 67308 67337
2 67328 67374
2 67340 67537
2 67347 67348
2 67369 67421
2 67390 67503
2 67577 67733
2 67675 67691
2 67821 67862
2 67839 67927
2 67951 67996
2 68000 68089
2 68049 68113
2 68103 68227
2 68133 68166
2 68200 68311
2 68257 68443
2 68260 68458
2 68360 68390
2 68373 68532
2 68485 68489
2 68535 68555
2 68574 68656
2 68667 68698
2 68707 68756
2 68770 68792
2 68834 68908
2 68837 69007
2 68899 68927
2 68967 68992
2 69023 69028
2 69159 69176
2 69229 69326
2 69275 69337
2 69319 69361
2 69392 69440
2 69473 69492
2 69480 69502
2 69503 69670
2 69509 69583
2 69683 69710
2 69702 69717
2 69912 69917
2 69991 70026
2 70035 70194
2 70135 70183
2 70159 70388
2 70309 70541
2 70367 70473
2 70474 70698
2 70599 70699
2 70721 70886
2 70807 70890
2 70936 71026
2 70977 71070
2 71036 71053
2 71048 71099
2 71050 71232
2 71238 71260
2 71270 71324
2 71317 71384
2 71356 71594
2 71603 71640
2 71685 71719
2 71691 71729
2 71716 71951
2 71781 71784
2 71804 71962
2 71864 72038
2 71866 72043
2 72063 72082
2 72144 72269
2 72146 72185
2 72154 72302
2 72235 72390
2 72375 72404
2 72418 72467
2 72518 72599
2 72628 72669
2 72676 72681
2 72688 72747
2 72707 72772
2 72757 72812
2 72818 72890
2 72897 73017
2 72933 73131
2 73036 73174
2 73141 73157
2 73198 73281
2 73225 73231
2 73249 73400
2 73283 73385
2 73287 73419
2 73291 73539
2 73403 73408
2 73414 73431
2 73443 73450
2 73558 73688
2 73692 73745
2 73781 73899
2 73788 73959
2 73987 74102
2 74021 74069
2 74192 74206
2 74285 74347
2 74365 74375
2 74380 74422
2 74451 74534
2 74483 74561
2 74590 74649
2 74630 74642
2 74659 74745
2 74664 74774
2 74705 74711
2 74758 74818
2 74769 74926
2 74838 74843
2 74842 75092
2 74865 74897
2 74928 75144
2 74945 75206
2 75013 75147
2 75178 75212
2 75179 75253
2 75266 75285
2 75273 75508
2 75313 75323
2 75341 75523
2 75354 75401
2 75412 75526
2 75527 75548
2 75536 75553
2 75563 75586
2 75606 75635
2 75656 75658
2 75668 75757
2 75756 75958
2 75760 75780
2 75832 75937
2 75858 76159
2 75859 75886
2 75986 76125
2 76004 76019
2 76081 76221
2 76164 76250
2 76198 76277
2 76222 76226
2 76279 76456
2 76312 76518
2 76315 76520
2 76346 76677
2 76650 76664
2 76665 76743
2 76791 76853
2 76893 76913
2 76896 77091
2 77095 77150
2 77123 77154
2 77211 77329
2 77309 77376
2 77353 77383
2 77386 77448
2 77414 77455
2 77447 77532
2 77468 77474
2 77543 77551
2 77546 77605
2 77575 77754
2 77591 77683
2 77709 77846
2 77765 77848
2 77904 77939
2 77944 77961
2 77987 78137
2 78085 78138
2 78099 78163
2 78146 78157
2 78178 78276
2 78295 78299
2 78302 78324
2 78332 78372
2 78350 78430
2 78399 78568
2 78459 78466
2 78681 78708
2 78699 78790
2 78732 78748
2 78766 78808
2 78794 78821
2 78838 79127
2 78903 78923
2 79039 79133
2 79065 79086
2 79094 79105
2 79120 79244
2 79160 79257
2 79292 79376
2 79300 79589
2 79328 79518
2 79417 79755
2 79625 79632
2 79637 79679
2 79770 79829
2 79800 79861
2 79850 79864
2 79966 80034
2 80053 80069
2 80070 80122
2 80085 80260
2 80092 80222
2 80304 80368
2 80387 80395
2 80436 80503
